518.000, 538.714
246.962, 538.731
42.751, 538.750
33.000, 538.750
713.444, 538.333
703.500, 538.000
527.000, 538.429
509.000, 538.463
500.043, 538.355
491.426, 538.511
483.000, 538.489
474.000, 538.299
465.000, 538.113
456.019, 538.019
447.547, 538.000
439.000, 538.000
430.000, 537.976
421.207, 537.962
413.000, 538.000
404.000, 538.000
395.000, 538.000
386.547, 538.000
360.228, 537.959
352.000, 538.000
343.000, 538.000
334.019, 538.000
325.981, 538.000
317.000, 538.000
308.000, 538.000
299.164, 538.368
291.000, 538.439
282.000, 538.439
273.000, 538.531
264.000, 538.439
255.000, 538.439
238.000, 538.387
229.000, 538.083
52.500, 538.000
693.913, 537.478
684.000, 537.000
378.000, 537.728
369.000, 537.819
72.000, 537.000
62.000, 537.638
674.000, 536.000
664.602, 536.000
101.000, 536.000
91.000, 536.000
81.700, 536.500
655.000, 535.021
645.453, 535.000
110.000, 535.000
636.021, 534.021
627.000, 534.000
617.812, 533.750
138.031, 534.000
129.000, 534.000
119.638, 534.638
608.249, 533.000
599.000, 533.000
166.000, 533.000
157.000, 533.000
147.636, 533.183
590.000, 532.299
581.000, 532.000
571.999, 531.999
184.000, 532.000
175.000, 532.199
3.000, 532.000
562.800, 531.500
553.638, 531.000
545.001, 531.001
536.000, 531.000
220.000, 531.000
211.001, 531.001
202.000, 531.181
193.000, 531.638
23.000, 531.000
13.000, 531.000
527.000, 530.602
518.000, 530.021
509.000, 529.980
499.999, 529.999
491.019, 530.000
273.000, 529.981
264.500, 530.000
255.980, 530.000
247.000, 530.000
238.000, 530.181
229.000, 530.272
33.000, 530.000
713.000, 529.000
482.353, 529.041
474.000, 529.181
465.000, 529.000
456.019, 529.019
447.453, 529.000
439.000, 529.000
430.000, 529.000
421.181, 529.000
413.000, 529.001
404.000, 529.000
378.000, 528.981
369.001, 529.001
360.228, 528.959
352.000, 529.000
343.001, 529.001
334.021, 529.000
326.000, 529.000
317.000, 529.000
308.000, 529.000
299.772, 529.041
291.000, 529.000
282.000, 529.272
53.000, 529.000
43.000, 529.000
703.000, 528.500
693.000, 528.000
395.041, 528.668
386.727, 528.273
63.000, 528.000
683.316, 527.290
674.000, 527.000
92.000, 527.000
82.000, 527.000
72.779, 527.779
664.000, 526.334
654.779, 526.000
111.000, 526.000
101.000, 526.000
636.000, 525.000
291.000, 525.000
129.271, 525.000
120.000, 525.021
626.181, 524.819
617.000, 524.334
607.999, 523.999
157.000, 524.000
147.999, 523.999
139.000, 524.638
599.000, 523.362
589.602, 523.000
580.019, 523.000
184.668, 523.000
175.199, 523.000
166.000, 523.362
571.059, 522.078
562.021, 522.021
553.181, 522.000
544.207, 521.962
220.019, 522.000
211.272, 522.000
202.600, 522.201
193.636, 522.273
14.000, 522.000
4.000, 522.000
535.078, 521.059
526.668, 521.041
518.000, 521.000
509.000, 521.000
500.000, 521.000
265.000, 521.000
256.000, 521.000
247.000, 521.000
238.000, 521.000
229.000, 521.299
24.000, 521.000
491.000, 520.299
482.398, 520.199
474.000, 520.021
465.000, 520.000
456.000, 520.000
447.602, 520.000
439.000, 520.000
429.999, 519.999
421.019, 520.000
413.000, 520.000
404.000, 519.980
395.019, 520.000
377.999, 519.999
369.000, 520.000
360.647, 519.959
352.000, 519.979
343.000, 520.000
334.701, 520.000
325.999, 519.999
317.000, 520.000
308.272, 520.000
300.000, 519.980
291.000, 520.000
282.000, 520.272
273.272, 520.819
44.000, 520.000
34.000, 520.445
712.000, 519.500
702.375, 519.000
386.698, 519.814
63.955, 519.000
53.927, 519.073
692.500, 518.500
683.000, 518.000
82.819, 518.000
673.053, 517.579
663.801, 517.000
102.000, 517.000
92.000, 517.398
654.083, 516.000
645.000, 516.000
120.638, 516.000
111.000, 516.272
635.445, 515.445
626.000, 515.221
617.000, 515.000
387.000, 515.091
148.019, 515.000
139.000, 515.181
130.000, 515.779
607.301, 514.319
598.249, 514.228
589.019, 514.000
185.000, 514.000
176.000, 514.000
166.547, 514.000
157.273, 514.545
580.053, 513.579
571.001, 513.001
562.000, 513.000
553.001, 513.001
544.000, 512.981
220.728, 513.000
212.000, 513.000
203.001, 513.001
194.000, 513.272
4.555, 513.000
535.000, 512.000
526.019, 512.000
517.299, 512.000
509.000, 512.000
499.999, 511.999
491.000, 511.981
273.699, 511.962
265.000, 512.000
255.999, 511.999
247.000, 512.000
238.199, 512.000
229.087, 512.065
24.973, 512.000
15.000, 512.000
482.059, 511.059
473.602, 511.000
465.001, 511.001
456.000, 511.000
447.019, 511.000
439.001, 511.001
430.000, 511.000
421.000, 511.000
404.000, 511.000
386.555, 511.000
378.000, 511.000
369.001, 511.001
361.000, 511.020
352.000, 511.000
343.000, 511.001
335.001, 511.001
326.000, 511.000
317.001, 511.001
308.981, 511.000
300.000, 511.000
291.001, 511.001
282.059, 511.078
34.976, 511.000
711.714, 510.000
412.527, 510.890
395.000, 510.787
54.024, 510.000
44.668, 510.668
702.000, 509.668
692.000, 509.000
73.981, 509.000
64.000, 509.714
682.553, 508.579
673.000, 508.000
102.000, 508.000
92.638, 508.000
83.000, 508.555
663.021, 507.021
654.000, 507.000
644.668, 507.000
121.000, 507.000
112.000, 507.000
635.000, 506.021
626.000, 506.000
616.272, 506.000
149.000, 506.000
139.728, 506.000
130.046, 506.745
607.020, 505.020
598.000, 505.000
589.001, 505.001
185.000, 505.000
176.000, 505.000
167.001, 505.001
158.000, 505.181
580.000, 504.181
571.000, 504.000
562.000, 504.000
553.000, 504.000
544.000, 503.973
221.000, 504.000
211.999, 503.999
203.000, 504.000
194.000, 504.019
5.000, 503.955
535.000, 503.181
526.000, 503.000
517.021, 503.000
508.019, 503.000
500.000, 502.979
274.000, 502.973
265.001, 503.001
256.000, 503.000
247.020, 503.000
238.701, 503.000
230.000, 503.181
15.000, 503.000
491.000, 502.547
481.999, 501.999
473.021, 502.000
465.000, 502.000
455.999, 501.999
447.000, 502.000
438.979, 502.000
430.000, 501.980
412.453, 502.000
403.999, 501.999
395.000, 502.000
386.728, 502.000
377.999, 501.999
369.019, 502.000
361.000, 502.000
352.000, 502.000
343.019, 502.000
335.000, 502.000
325.999, 501.999
317.000, 502.000
309.000, 502.000
299.999, 501.999
291.000, 502.019
282.453, 502.272
35.000, 502.000
25.000, 502.000
711.000, 500.917
45.000, 501.000
701.027, 500.000
421.000, 501.801
74.000, 500.000
64.701, 500.000
55.000, 500.638
691.555, 499.223
682.000, 499.024
93.000, 499.000
83.745, 499.046
663.000, 498.000
653.181, 498.000
121.019, 498.000
112.000, 498.000
103.000, 498.701
644.000, 497.398
634.602, 497.000
625.500, 497.000
149.001, 497.001
140.000, 497.000
131.000, 497.181
616.000, 496.181
607.000, 496.000
597.999, 495.999
176.181, 496.000
167.019, 496.000
158.000, 496.453
589.000, 495.362
579.819, 495.000
570.638, 495.000
561.728, 495.000
239.000, 495.000
221.001, 495.001
212.000, 495.000
203.021, 495.000
194.636, 495.666
185.038, 495.605
553.000, 494.453
544.000, 494.019
535.000, 494.000
525.999, 493.999
517.000, 494.000
507.999, 493.999
499.701, 494.000
273.999, 493.999
265.000, 494.000
255.999, 493.999
247.999, 493.999
230.000, 494.019
6.000, 494.000
491.000, 493.019
482.000, 493.019
473.181, 493.000
464.638, 493.000
456.000, 493.000
447.001, 493.001
438.362, 493.000
430.000, 493.000
421.000, 493.000
412.547, 493.000
404.000, 493.000
395.000, 493.000
387.001, 493.001
378.000, 493.000
369.020, 493.000
361.000, 493.000
352.000, 493.000
343.019, 493.000
335.001, 493.001
326.000, 493.000
317.271, 493.000
309.001, 493.001
300.000, 493.000
291.000, 493.000
283.000, 493.547
26.000, 493.000
16.000, 493.571
46.000, 492.000
36.000, 492.299
710.666, 491.000
65.000, 491.000
55.182, 491.182
691.000, 490.083
681.500, 490.000
93.362, 490.000
84.000, 490.000
75.000, 490.362
672.000, 489.445
662.398, 489.000
122.000, 488.981
112.453, 489.000
103.000, 489.398
653.000, 488.362
644.000, 488.021
634.181, 488.000
149.019, 488.000
139.999, 487.999
131.000, 488.019
625.000, 487.500
616.000, 487.000
606.638, 487.000
597.181, 487.000
177.001, 487.001
167.547, 487.000
158.319, 487.038
588.332, 486.353
579.019, 486.000
570.181, 486.000
561.000, 486.000
221.000, 486.000
212.181, 486.000
203.453, 486.000
194.362, 486.000
186.000, 486.819
552.181, 485.453
543.363, 485.181
535.000, 485.000
526.000, 485.000
517.000, 485.001
508.000, 485.000
283.001, 485.001
274.000, 485.000
265.001, 485.001
256.547, 485.000
248.000, 485.000
239.000, 485.181
230.000, 485.638
6.666, 485.000
499.038, 484.793
491.000, 484.181
482.000, 484.272
473.000, 484.000
464.181, 484.000
455.999, 483.999
447.000, 484.000
438.272, 484.000
429.999, 483.999
421.000, 484.000
412.362, 484.000
404.000, 484.000
395.000, 484.000
387.000, 484.000
377.999, 483.999
369.019, 484.000
361.000, 484.000
351.999, 483.999
343.181, 484.000
335.000, 484.000
325.999, 483.999
317.728, 484.000
309.000, 484.021
300.000, 484.019
291.087, 484.065
27.000, 484.000
16.668, 484.000
719.000, 482.500
46.000, 483.000
36.500, 483.000
710.000, 482.000
65.362, 482.000
56.000, 482.000
700.031, 481.031
691.000, 481.000
681.000, 481.000
84.547, 481.000
75.000, 481.271
672.000, 480.000
662.000, 480.000
113.000, 480.000
103.453, 480.000
94.000, 480.728
652.319, 479.038
643.398, 479.000
634.000, 479.000
150.000, 479.000
140.453, 479.000
131.181, 479.000
122.000, 479.801
625.000, 478.272
615.398, 478.000
606.019, 478.000
597.059, 477.941
185.999, 477.999
177.000, 478.000
167.999, 477.999
159.000, 478.000
588.000, 477.019
579.000, 477.020
570.000, 477.000
561.001, 477.001
552.083, 477.000
230.207, 476.962
221.271, 477.000
213.001, 477.001
204.000, 477.000
195.000, 477.272
543.019, 476.019
534.625, 476.000
525.999, 475.999
517.000, 476.000
507.999, 475.999
499.000, 476.000
283.000, 476.000
273.999, 475.999
265.453, 476.000
257.000, 476.000
247.999, 475.999
239.000, 476.181
490.225, 475.207
482.000, 475.181
473.000, 475.019
464.000, 475.000
456.000, 475.000
447.001, 475.001
438.181, 475.000
430.000, 475.000
421.001, 475.001
412.638, 475.000
404.000, 475.000
395.000, 475.000
387.001, 475.001
378.000, 475.000
369.181, 475.000
361.000, 475.000
352.000, 475.000
343.362, 475.000
335.001, 475.001
326.019, 475.000
318.000, 475.000
309.000, 475.000
300.273, 475.636
292.000, 475.701
17.000, 475.000
7.000, 475.500
47.000, 474.000
37.000, 474.000
27.000, 474.602
718.750, 473.000
66.000, 472.981
56.181, 473.000
709.667, 472.223
700.000, 472.000
85.000, 472.000
75.602, 472.000
690.000, 471.779
681.000, 471.000
671.000, 471.000
122.779, 471.000
113.000, 471.000
104.000, 471.000
94.273, 471.727
661.563, 470.542
652.019, 470.019
643.000, 470.000
150.000, 470.000
141.000, 470.000
132.000, 470.019
633.801, 469.801
624.019, 469.019
615.020, 469.000
606.000, 469.000
186.000, 469.000
177.001, 469.001
168.000, 469.000
159.000, 469.272
597.000, 468.547
588.000, 468.181
579.000, 468.000
569.999, 467.999
561.000, 468.000
552.000, 467.979
230.362, 468.000
221.999, 467.999
213.000, 468.000
204.000, 468.019
195.000, 468.181
543.000, 467.362
534.078, 467.059
525.181, 467.000
517.001, 467.001
508.000, 467.000
499.001, 467.001
490.019, 467.000
300.000, 467.000
292.000, 467.000
283.000, 467.000
274.021, 467.000
265.819, 467.000
257.001, 467.001
248.000, 467.019
239.000, 467.299
482.000, 466.181
473.000, 466.272
464.000, 466.000
456.000, 466.019
447.000, 466.000
438.199, 466.000
430.000, 466.000
421.000, 466.000
412.332, 466.000
404.000, 466.000
395.000, 466.000
387.000, 466.000
378.000, 466.000
369.181, 466.000
361.000, 466.000
351.999, 465.999
335.000, 466.000
326.273, 466.545
318.000, 466.021
309.000, 466.398
17.969, 466.000
7.701, 466.000
37.375, 465.000
343.460, 465.693
57.000, 464.000
47.000, 464.272
718.489, 463.466
709.000, 463.000
699.555, 463.000
85.024, 463.000
76.000, 463.000
66.273, 463.727
690.000, 462.021
680.249, 462.000
670.979, 462.000
113.638, 462.000
104.000, 462.000
95.000, 462.801
661.000, 461.021
651.852, 461.037
642.547, 461.000
150.181, 461.000
141.001, 461.001
123.000, 461.453
633.041, 460.668
624.000, 460.199
615.000, 460.000
605.999, 459.999
597.000, 459.979
195.000, 460.000
186.019, 460.000
177.181, 460.000
169.000, 460.083
159.181, 460.453
588.000, 459.500
579.001, 459.001
570.000, 459.000
561.001, 459.000
552.000, 459.000
239.299, 459.000
231.001, 459.001
222.000, 459.000
213.001, 459.001
204.000, 459.362
132.153, 460.693
543.000, 458.019
534.000, 458.500
525.181, 458.000
516.547, 458.000
507.999, 457.999
499.000, 458.000
490.019, 458.000
482.000, 458.000
473.000, 458.000
463.999, 457.999
326.021, 458.000
318.000, 458.000
309.000, 458.000
300.199, 458.000
292.000, 458.000
283.000, 458.000
274.021, 458.000
265.999, 457.999
257.000, 458.021
248.000, 458.602
455.819, 457.181
447.000, 457.547
438.000, 457.021
430.000, 457.021
421.000, 457.000
412.000, 457.000
404.000, 457.000
395.000, 457.000
387.000, 457.000
378.000, 457.021
369.279, 457.179
361.000, 457.000
352.000, 457.199
344.000, 457.701
335.000, 457.398
8.000, 457.000
38.000, 456.000
28.000, 456.000
18.000, 456.728
57.001, 455.001
48.000, 455.000
718.359, 454.436
709.000, 454.000
689.556, 453.444
86.000, 454.000
76.199, 454.000
67.000, 454.638
699.000, 453.668
680.000, 453.000
123.001, 453.001
114.000, 453.000
104.729, 453.000
95.000, 453.638
670.038, 452.793
661.000, 452.000
652.000, 452.000
642.272, 452.000
159.999, 451.999
150.638, 452.000
141.272, 452.000
132.038, 452.319
633.000, 451.701
624.000, 451.019
615.001, 451.001
605.181, 451.000
596.181, 451.000
204.019, 451.000
195.181, 451.000
186.453, 451.000
178.000, 451.000
169.000, 451.020
587.019, 450.019
578.413, 450.038
569.272, 450.000
560.362, 450.000
551.999, 449.999
543.000, 450.000
257.000, 450.000
248.021, 450.000
240.000, 450.019
231.000, 450.000
221.999, 449.999
534.000, 449.181
525.000, 449.000
516.021, 449.000
508.000, 449.000
499.001, 449.001
490.000, 449.000
481.199, 449.000
473.000, 449.001
464.000, 449.000
455.500, 449.000
447.001, 449.001
438.000, 449.000
387.000, 448.976
369.021, 449.000
361.000, 449.001
352.000, 449.000
344.000, 449.000
335.000, 449.000
326.021, 449.000
318.000, 449.000
309.020, 449.000
300.547, 449.000
292.000, 449.000
283.000, 449.000
274.353, 449.041
266.000, 449.638
430.000, 448.701
421.000, 448.299
412.000, 448.500
404.000, 448.299
395.000, 448.555
378.000, 448.299
213.153, 449.847
8.751, 448.000
28.272, 447.000
18.666, 447.334
57.638, 446.000
48.000, 446.000
38.046, 446.745
718.000, 445.000
708.500, 445.000
86.000, 445.000
82.000, 445.000
77.000, 445.000
67.000, 445.701
698.628, 444.605
689.000, 444.000
679.751, 444.000
660.812, 443.750
123.398, 444.000
114.000, 444.000
105.000, 444.000
95.364, 444.455
670.000, 443.602
651.181, 443.000
642.000, 443.000
160.000, 443.000
151.001, 443.001
142.000, 443.000
132.819, 443.272
633.000, 442.453
623.413, 442.038
614.181, 442.000
605.000, 442.000
595.999, 441.999
204.547, 442.000
195.999, 441.999
187.000, 442.000
177.999, 441.999
169.000, 442.362
587.000, 441.362
578.000, 441.000
569.019, 441.000
560.019, 441.000
551.181, 441.000
543.001, 441.001
534.000, 441.000
275.000, 441.000
266.000, 441.000
257.021, 441.000
248.299, 441.000
240.000, 441.000
231.000, 441.000
222.000, 441.021
213.000, 441.638
525.000, 440.299
516.000, 440.000
507.362, 440.000
499.000, 440.555
489.999, 439.999
481.362, 440.000
473.000, 440.000
464.000, 439.999
455.021, 440.000
447.000, 440.000
438.000, 440.000
429.602, 440.000
421.000, 440.000
412.021, 440.000
404.000, 440.000
395.000, 440.000
387.000, 440.000
378.000, 440.000
369.024, 440.000
361.000, 440.000
352.000, 440.000
343.999, 439.999
335.000, 440.000
326.221, 440.000
318.000, 440.000
309.353, 440.041
301.000, 440.019
292.000, 440.547
283.000, 440.199
0.250, 439.000
38.973, 437.973
29.000, 438.000
19.000, 438.000
9.000, 438.801
58.000, 437.000
48.398, 437.000
717.779, 436.000
708.000, 435.973
86.181, 436.000
77.000, 436.000
67.647, 436.668
698.143, 435.190
688.779, 435.000
124.000, 435.000
114.602, 435.000
105.000, 435.299
96.000, 435.819
669.962, 434.301
660.021, 434.000
651.000, 434.000
641.999, 433.999
169.000, 434.000
159.999, 433.999
151.000, 434.000
142.000, 434.272
133.000, 434.362
632.038, 433.225
623.020, 433.020
614.000, 433.000
605.001, 433.001
596.000, 433.000
587.001, 433.001
222.019, 433.000
213.728, 433.000
205.001, 433.001
196.000, 433.000
187.001, 433.001
178.000, 433.181
578.000, 432.019
569.000, 432.000
559.999, 431.999
551.000, 432.000
542.453, 432.000
533.999, 431.999
525.000, 432.000
515.999, 431.999
507.362, 432.000
301.000, 432.000
292.000, 431.979
283.000, 432.000
275.000, 432.000
266.000, 432.000
257.000, 432.000
249.000, 432.000
240.000, 432.000
231.000, 432.299
499.000, 431.453
490.000, 431.272
481.181, 431.182
473.001, 431.001
464.000, 431.000
455.021, 431.000
447.000, 431.000
438.000, 431.000
429.299, 431.000
421.000, 431.000
412.021, 431.000
404.000, 431.000
395.000, 431.000
387.000, 431.000
378.000, 431.000
369.221, 431.000
361.000, 431.000
352.021, 431.000
344.000, 431.000
335.000, 431.000
326.332, 431.000
318.000, 431.024
309.181, 431.453
9.625, 430.000
0.250, 430.000
39.000, 428.979
29.000, 429.000
58.429, 428.000
49.000, 428.000
707.885, 426.845
96.000, 427.000
87.000, 427.000
77.249, 427.000
68.000, 427.801
698.000, 426.000
689.000, 426.000
679.000, 426.000
133.000, 426.000
123.999, 425.999
115.000, 426.000
105.228, 426.249
669.362, 425.363
660.000, 425.000
651.001, 425.001
641.181, 425.000
632.000, 424.981
178.000, 425.000
169.001, 425.000
160.019, 425.000
151.000, 425.019
142.000, 425.272
623.000, 424.272
613.999, 423.999
605.000, 424.000
595.999, 423.999
587.000, 424.000
577.999, 423.999
240.000, 424.000
231.019, 424.000
222.181, 424.000
213.999, 423.999
205.000, 424.000
196.000, 424.019
187.000, 424.453
569.000, 423.362
560.000, 423.181
551.001, 423.001
542.181, 423.000
533.272, 423.000
525.001, 423.001
516.000, 423.000
507.020, 423.000
499.000, 423.000
490.000, 423.000
481.001, 423.001
344.000, 422.976
335.000, 423.000
327.000, 423.000
318.000, 423.000
309.000, 423.000
301.000, 423.000
292.000, 423.000
283.024, 423.000
275.000, 423.000
266.000, 423.000
257.024, 423.000
249.000, 423.199
472.600, 422.400
464.000, 422.299
455.000, 422.221
447.000, 422.024
438.000, 422.024
429.602, 422.602
421.000, 422.000
412.021, 422.021
404.000, 422.024
395.000, 422.000
387.000, 422.000
378.000, 422.199
369.221, 422.000
361.000, 422.221
352.000, 422.199
10.000, 421.000
0.356, 421.000
39.059, 420.000
29.668, 420.000
19.999, 419.999
59.001, 419.001
49.000, 419.000
717.000, 418.000
96.019, 418.000
87.000, 418.000
77.600, 418.201
68.000, 418.801
707.223, 417.444
698.000, 417.000
688.000, 417.000
678.751, 417.000
142.181, 417.000
133.332, 417.000
124.000, 417.000
115.000, 417.181
106.000, 417.818
669.000, 416.668
660.000, 416.019
650.638, 416.000
641.021, 416.000
632.000, 416.000
187.000, 416.000
177.999, 415.999
169.000, 416.000
160.000, 416.000
151.272, 416.453
623.000, 415.271
614.000, 415.019
605.001, 415.001
595.547, 415.000
587.001, 415.001
578.000, 415.000
569.001, 415.001
560.000, 415.000
257.666, 415.000
249.000, 415.000
240.000, 415.000
231.000, 415.000
223.000, 415.000
214.000, 415.000
205.000, 415.000
196.000, 415.555
551.000, 414.000
542.000, 414.000
533.000, 414.000
525.000, 414.000
516.000, 414.000
507.000, 414.000
498.000, 414.000
490.000, 414.000
481.000, 414.000
472.221, 414.000
464.000, 414.000
455.000, 414.000
447.000, 414.000
438.000, 414.000
429.024, 414.000
421.000, 414.000
412.000, 414.000
404.000, 414.000
395.000, 414.000
387.000, 414.000
378.000, 414.000
369.445, 414.000
361.000, 414.000
352.000, 414.000
344.000, 414.000
335.000, 414.000
327.000, 414.000
318.000, 414.000
309.000, 414.000
301.000, 414.000
292.000, 414.000
283.000, 414.000
275.000, 414.027
266.000, 414.221
10.000, 412.000
0.464, 412.000
30.000, 411.000
20.000, 411.000
68.272, 410.000
59.000, 410.000
49.445, 410.000
106.000, 409.000
97.000, 409.000
87.000, 409.000
78.000, 409.547
716.701, 408.701
707.000, 408.429
697.021, 408.000
688.000, 408.000
678.500, 408.000
151.999, 407.999
142.819, 408.000
133.638, 408.000
124.555, 408.223
115.000, 408.362
669.000, 407.453
659.319, 407.038
649.445, 407.000
641.000, 407.000
632.000, 407.000
623.001, 407.001
214.000, 406.961
205.000, 407.000
196.000, 407.000
187.000, 407.000
178.000, 407.000
170.000, 407.000
161.000, 407.000
613.181, 406.181
604.019, 406.000
595.019, 406.000
586.272, 406.000
577.362, 406.000
568.981, 406.000
560.000, 406.000
551.000, 406.000
542.000, 406.000
292.000, 406.000
284.000, 406.000
275.000, 406.000
266.000, 406.000
258.000, 406.000
249.000, 406.000
240.000, 406.000
231.027, 406.000
223.000, 406.000
533.000, 405.221
524.031, 405.000
516.000, 405.000
507.000, 405.000
498.000, 405.000
490.000, 405.000
481.001, 405.001
472.000, 405.000
464.000, 405.000
455.000, 405.000
447.000, 405.000
438.000, 405.000
429.000, 405.000
421.000, 405.000
412.000, 405.000
404.000, 405.000
395.000, 405.000
387.000, 405.000
378.000, 405.000
369.000, 405.000
361.000, 405.000
352.000, 405.000
344.000, 405.000
335.000, 405.000
327.000, 405.000
318.000, 405.000
309.024, 405.000
301.000, 405.249
0.964, 403.000
40.000, 402.000
30.000, 402.000
20.500, 402.000
10.684, 402.710
78.000, 401.000
69.000, 401.000
59.000, 401.000
50.000, 401.027
115.398, 400.000
105.999, 399.999
97.000, 400.000
87.019, 400.019
716.501, 399.750
706.605, 399.038
697.000, 399.000
688.000, 399.000
678.000, 399.000
170.000, 398.973
161.000, 399.000
152.000, 399.000
143.001, 399.001
134.000, 399.181
124.451, 399.451
668.728, 398.547
659.059, 398.079
650.000, 398.000
641.000, 398.000
631.980, 398.000
622.181, 398.000
613.019, 398.000
232.000, 398.000
223.000, 398.000
214.000, 398.000
205.000, 398.000
196.000, 398.000
188.000, 398.000
179.000, 398.000
604.038, 397.605
595.000, 397.181
586.000, 397.000
577.020, 397.000
568.547, 397.000
559.429, 397.000
551.000, 397.000
542.000, 397.000
533.000, 397.000
524.000, 397.000
516.000, 397.000
507.000, 397.000
344.000, 397.000
335.000, 397.000
327.000, 397.000
318.000, 397.000
309.031, 397.000
301.000, 397.000
292.000, 397.000
284.000, 397.000
275.000, 397.000
266.000, 397.000
258.000, 397.000
249.000, 397.021
240.000, 397.286
498.000, 396.332
490.000, 396.332
481.000, 396.249
472.000, 396.000
464.000, 396.000
455.000, 396.024
446.668, 396.000
438.000, 396.000
429.000, 396.000
421.000, 396.000
412.000, 396.000
404.000, 396.000
395.000, 396.000
386.447, 396.053
378.000, 396.027
369.000, 396.000
361.000, 396.027
352.000, 396.751
1.000, 394.000
30.500, 393.000
21.000, 393.000
11.000, 393.779
78.429, 392.000
69.000, 392.000
59.917, 392.000
50.000, 392.547
40.041, 392.772
125.001, 391.000
115.362, 391.000
106.299, 391.000
97.000, 391.000
88.000, 391.779
716.000, 390.555
706.278, 390.046
697.000, 390.000
687.000, 390.000
678.000, 390.000
668.398, 390.000
188.000, 390.000
179.000, 390.000
170.000, 390.000
161.000, 390.000
151.999, 389.999
143.000, 390.019
134.000, 390.547
659.000, 389.779
649.319, 389.038
640.701, 389.000
631.000, 389.000
622.000, 389.000
613.001, 389.001
604.000, 389.000
595.001, 389.001
266.000, 389.000
258.000, 389.000
249.000, 389.000
240.024, 389.000
232.000, 389.000
223.000, 389.000
214.000, 389.000
205.000, 389.000
196.031, 389.000
586.000, 388.638
577.000, 388.362
568.000, 388.000
559.000, 388.000
550.976, 388.000
542.000, 388.000
533.000, 388.000
524.000, 388.000
515.039, 388.000
507.000, 388.000
498.000, 388.000
489.027, 388.000
481.000, 388.000
472.000, 388.000
464.000, 388.000
455.000, 388.000
446.000, 388.000
438.000, 388.000
429.000, 388.000
421.000, 388.000
412.000, 388.000
404.000, 388.000
395.000, 388.000
386.332, 388.000
378.000, 388.000
369.000, 388.000
361.000, 388.000
352.000, 388.000
344.000, 388.000
335.000, 388.000
327.000, 388.000
318.000, 388.000
309.571, 388.000
301.000, 388.000
292.000, 388.000
284.000, 388.000
275.000, 388.221
1.000, 385.000
41.000, 384.000
31.000, 384.000
21.000, 384.000
11.000, 384.779
88.000, 383.000
78.571, 383.000
69.000, 383.000
60.000, 383.031
50.000, 383.779
143.000, 381.981
133.999, 381.999
125.000, 382.000
115.999, 381.999
106.413, 382.038
97.000, 382.701
716.000, 381.555
706.000, 381.021
696.668, 381.000
687.001, 381.001
678.000, 381.000
668.000, 381.000
659.000, 381.000
205.000, 381.000
197.000, 381.000
188.000, 381.000
179.001, 381.001
170.000, 381.000
161.000, 381.000
152.000, 381.638
649.273, 380.545
640.019, 380.019
631.000, 380.000
621.999, 379.999
613.000, 380.000
603.999, 379.999
595.000, 380.000
586.000, 380.000
577.000, 380.000
568.000, 380.000
310.000, 380.000
301.000, 380.000
292.000, 380.000
284.000, 380.000
275.000, 380.000
266.027, 380.000
258.000, 380.000
249.000, 380.000
240.000, 380.000
232.000, 380.000
223.000, 380.000
214.000, 380.000
559.000, 379.500
550.000, 379.024
542.000, 379.021
533.000, 379.000
524.000, 379.000
515.024, 379.000
507.000, 379.000
498.000, 379.000
489.000, 379.000
481.000, 379.000
472.000, 379.000
464.000, 379.000
455.000, 379.000
446.027, 379.000
438.000, 379.000
429.000, 379.000
421.000, 379.000
412.000, 379.000
404.000, 379.000
395.000, 379.000
386.249, 379.000
378.000, 379.000
369.000, 379.000
361.000, 379.000
352.000, 379.000
344.000, 379.000
335.000, 379.000
327.000, 379.000
318.000, 379.027
11.372, 375.953
2.000, 376.000
50.059, 375.000
41.001, 375.001
31.000, 375.000
97.065, 373.935
88.000, 374.000
78.728, 374.000
69.181, 374.000
60.000, 374.779
161.000, 373.000
152.000, 373.000
143.001, 373.001
134.000, 373.000
125.000, 373.000
116.000, 373.272
107.000, 373.019
715.668, 372.668
706.000, 372.334
696.021, 372.000
687.000, 372.000
677.181, 372.000
667.999, 371.999
658.638, 372.000
649.555, 372.000
241.000, 372.000
232.000, 372.000
223.000, 372.000
214.000, 372.000
206.000, 372.000
197.000, 372.000
188.000, 372.000
179.000, 372.000
170.000, 372.000
640.000, 371.362
631.000, 371.272
622.000, 371.181
613.001, 371.001
604.000, 371.000
595.001, 371.001
586.000, 371.000
577.001, 371.001
568.000, 371.000
559.000, 371.000
550.000, 371.000
541.714, 371.000
533.000, 371.000
524.000, 371.000
515.000, 371.000
507.000, 371.000
498.000, 371.000
404.000, 370.969
395.000, 371.000
386.027, 371.000
378.000, 371.000
369.000, 371.000
361.000, 371.000
352.000, 371.000
344.000, 371.000
335.000, 371.000
327.000, 371.000
318.000, 371.000
310.000, 371.000
301.000, 371.000
292.000, 371.000
284.000, 371.000
275.000, 371.000
267.000, 371.000
258.000, 371.000
249.000, 371.027
489.000, 370.429
481.000, 370.714
472.000, 370.625
463.555, 370.333
455.000, 370.375
446.000, 370.027
438.000, 370.000
429.000, 370.249
421.000, 370.332
412.000, 370.000
2.000, 367.000
50.500, 366.000
41.000, 366.000
31.000, 366.000
11.751, 366.772
116.000, 365.000
107.001, 365.001
98.000, 365.000
88.000, 365.000
79.000, 365.000
69.668, 365.647
60.000, 365.819
179.000, 364.000
170.000, 364.000
161.000, 364.000
151.999, 363.999
143.000, 364.000
134.000, 364.019
125.000, 364.181
715.042, 363.563
706.000, 363.500
696.000, 363.000
686.701, 363.000
677.001, 363.001
668.000, 363.000
658.638, 363.000
649.666, 363.000
640.000, 363.000
631.000, 363.000
284.000, 363.000
275.000, 363.000
267.000, 363.000
258.000, 363.000
249.000, 363.000
241.000, 363.000
232.000, 363.000
223.000, 363.000
214.000, 363.000
205.973, 363.000
197.000, 363.000
188.000, 363.625
622.000, 362.181
612.962, 362.207
604.000, 362.181
595.000, 362.000
586.000, 362.299
577.000, 362.000
568.000, 362.000
559.000, 362.000
550.000, 362.000
541.000, 362.000
533.000, 362.000
524.000, 362.000
515.000, 362.000
507.000, 362.000
498.000, 362.000
489.000, 362.000
481.000, 362.000
472.000, 362.000
463.024, 362.000
455.000, 362.000
446.000, 362.000
438.000, 362.000
429.000, 362.000
421.000, 362.000
412.000, 362.000
403.555, 362.000
395.000, 362.000
386.000, 362.000
378.000, 362.000
369.027, 362.000
361.000, 362.000
352.000, 362.000
344.000, 362.000
335.000, 362.000
327.000, 362.000
318.000, 362.000
310.000, 362.000
301.000, 362.000
292.000, 362.000
12.000, 358.000
2.000, 358.000
60.000, 357.000
51.001, 357.001
41.000, 357.000
31.221, 357.000
125.019, 356.000
116.000, 356.000
107.000, 356.000
97.999, 355.999
88.375, 356.625
79.000, 356.779
70.000, 356.728
214.000, 354.973
206.000, 355.000
197.000, 355.000
188.000, 355.000
179.000, 355.000
170.000, 355.000
161.000, 355.000
152.019, 355.019
143.038, 355.319
134.038, 355.793
715.000, 354.779
705.722, 354.745
696.000, 354.221
686.458, 354.042
677.000, 354.000
667.638, 354.000
658.751, 354.000
649.000, 354.000
640.000, 354.000
631.000, 354.000
621.453, 354.000
612.728, 354.000
603.272, 354.000
594.638, 354.000
585.751, 353.959
352.000, 354.000
344.000, 354.000
335.000, 354.000
327.000, 354.000
318.000, 354.000
310.000, 354.000
301.000, 354.000
292.024, 354.000
284.000, 354.000
275.000, 354.000
267.000, 354.000
258.000, 354.000
249.000, 354.000
241.000, 354.000
232.000, 354.000
223.000, 354.000
577.000, 353.362
568.000, 353.701
559.000, 353.027
550.000, 353.000
541.000, 353.000
533.000, 353.000
524.000, 353.000
515.000, 353.000
506.027, 353.000
498.000, 353.000
489.000, 353.000
481.000, 353.000
472.000, 353.000
463.000, 353.000
455.000, 353.000
446.000, 353.000
438.000, 353.000
429.000, 353.000
420.625, 353.000
412.000, 353.000
403.221, 353.000
395.000, 353.000
386.024, 353.000
378.000, 353.000
369.000, 353.714
361.000, 353.779
22.000, 348.979
12.000, 349.000
2.000, 349.000
79.000, 348.000
69.999, 347.999
60.021, 348.000
51.000, 348.000
41.000, 348.000
31.602, 348.602
152.019, 347.000
143.453, 347.000
134.181, 347.000
125.181, 347.000
116.000, 347.000
107.000, 347.001
98.000, 347.199
88.500, 347.800
715.000, 346.000
267.000, 346.000
258.000, 346.000
249.000, 346.000
241.000, 346.000
232.000, 346.000
223.000, 346.000
214.249, 346.000
206.000, 346.000
197.000, 346.000
188.000, 346.000
179.000, 346.000
170.000, 346.000
161.000, 346.375
705.000, 345.668
695.636, 345.273
686.000, 345.199
677.000, 345.021
667.563, 345.042
658.000, 345.000
649.001, 345.001
640.000, 345.000
630.453, 345.000
621.272, 345.000
612.547, 345.000
603.020, 345.000
594.000, 345.000
585.021, 345.000
576.638, 345.000
568.000, 345.000
559.000, 345.000
550.000, 345.000
541.000, 345.000
532.221, 345.000
524.000, 345.000
515.000, 345.000
506.000, 345.000
498.000, 345.000
489.000, 345.000
480.375, 345.000
472.000, 345.000
463.000, 345.000
455.000, 345.000
446.000, 345.000
438.000, 345.000
429.000, 345.000
420.039, 345.000
412.000, 345.000
403.027, 345.000
395.000, 345.000
386.000, 345.000
378.000, 345.000
369.000, 345.000
361.000, 345.000
352.000, 345.000
344.000, 345.000
335.000, 345.000
327.000, 345.000
318.000, 345.000
310.000, 345.000
301.000, 345.000
292.000, 345.000
284.000, 345.000
275.000, 345.027
32.000, 340.000
22.000, 340.000
12.000, 340.000
2.000, 340.000
98.000, 339.000
88.819, 339.000
79.000, 339.000
70.000, 339.000
60.299, 339.000
51.000, 339.000
41.042, 339.458
188.000, 338.000
179.000, 338.000
170.000, 338.000
161.199, 338.000
152.398, 338.000
143.638, 338.000
134.272, 338.000
125.019, 338.019
116.000, 338.019
107.000, 338.819
705.000, 337.000
696.000, 337.000
676.973, 336.973
344.000, 337.000
335.000, 337.000
327.000, 337.000
318.000, 337.000
310.000, 337.000
301.000, 337.000
292.000, 337.000
284.000, 337.000
275.000, 337.000
267.000, 337.000
258.000, 337.000
249.000, 337.000
241.000, 337.000
232.000, 337.000
223.000, 337.000
214.969, 337.000
206.000, 337.000
197.000, 337.751
686.000, 336.547
667.038, 336.319
648.699, 336.301
639.935, 336.065
630.605, 336.038
621.019, 336.000
612.181, 336.000
603.332, 336.000
594.181, 336.000
585.181, 336.000
576.272, 336.000
568.000, 336.000
559.000, 336.000
550.000, 336.000
541.000, 336.000
532.000, 336.000
524.000, 336.000
515.000, 336.000
506.000, 336.000
498.000, 336.000
489.000, 336.000
480.000, 336.000
472.000, 336.000
463.000, 336.000
455.000, 336.000
446.000, 336.000
438.000, 336.000
429.000, 336.000
420.027, 336.000
412.000, 336.000
403.000, 336.000
395.000, 336.000
386.024, 336.000
378.000, 336.000
369.000, 336.024
361.000, 336.000
352.000, 336.334
41.600, 331.000
32.000, 331.000
22.000, 331.000
12.000, 331.000
2.249, 331.000
125.019, 330.000
115.999, 329.999
107.000, 330.000
97.999, 329.999
89.000, 330.000
79.000, 330.000
70.000, 330.000
60.225, 330.038
51.000, 330.362
249.000, 328.976
241.000, 328.941
232.000, 329.000
223.000, 329.000
215.000, 329.000
206.000, 329.000
197.000, 329.000
188.000, 329.000
179.000, 329.000
170.000, 329.000
161.027, 329.000
153.000, 329.181
143.962, 329.301
134.962, 329.681
714.779, 328.000
705.000, 328.000
695.500, 328.000
686.000, 328.000
676.362, 328.000
667.000, 328.000
658.000, 327.980
648.332, 328.000
621.000, 327.981
472.000, 328.000
463.000, 328.000
455.000, 328.000
446.000, 328.000
437.000, 328.000
429.000, 328.000
420.027, 328.000
412.000, 328.000
403.000, 328.000
395.000, 328.000
386.024, 328.000
378.000, 328.000
369.000, 328.000
361.000, 328.000
352.000, 328.000
344.000, 328.000
335.000, 328.000
327.000, 328.000
318.000, 328.000
310.000, 328.000
301.000, 328.000
292.000, 328.000
284.000, 328.000
275.000, 328.000
267.000, 328.000
258.000, 328.000
638.819, 327.272
630.000, 327.445
612.000, 327.728
603.000, 327.019
594.000, 327.362
585.000, 327.021
576.228, 327.249
567.500, 327.200
559.000, 327.024
550.000, 327.000
541.000, 327.027
532.000, 327.000
524.000, 327.027
515.000, 327.332
506.000, 327.000
498.000, 327.221
489.000, 327.445
480.047, 327.628
51.000, 322.000
41.555, 322.000
31.999, 321.999
22.000, 322.000
12.000, 322.000
2.500, 322.000
161.976, 321.000
152.979, 321.000
143.981, 321.000
135.001, 321.001
125.272, 321.000
116.019, 321.000
107.000, 321.000
98.000, 321.000
89.000, 321.020
79.042, 321.563
70.000, 321.801
60.547, 321.819
327.000, 320.000
318.000, 320.000
310.000, 320.000
301.000, 320.000
292.000, 320.000
284.000, 320.000
275.000, 320.000
267.000, 320.000
258.000, 320.000
249.000, 320.000
241.000, 320.000
232.000, 320.000
223.000, 320.000
215.000, 320.000
206.000, 320.000
197.000, 320.000
188.000, 320.000
179.000, 320.000
170.000, 320.024
714.602, 319.000
705.000, 319.000
695.024, 319.000
686.000, 319.000
676.272, 319.000
667.000, 319.000
657.976, 319.000
648.299, 319.000
639.332, 319.000
630.000, 319.000
621.001, 319.001
612.000, 319.000
603.001, 319.001
594.000, 319.000
585.001, 319.001
576.000, 319.000
567.019, 319.000
559.000, 319.000
550.000, 319.000
541.000, 319.000
532.000, 319.000
524.024, 319.000
515.000, 319.000
506.000, 319.022
498.000, 319.000
489.000, 319.000
480.000, 319.000
472.000, 319.000
463.000, 319.000
455.000, 319.000
446.000, 319.000
437.221, 319.000
429.000, 319.000
420.000, 319.000
412.000, 319.000
403.000, 319.000
395.000, 319.000
386.000, 319.000
378.000, 319.000
369.000, 319.000
361.000, 319.000
352.000, 319.000
344.000, 319.000
335.000, 319.500
89.000, 313.000
79.059, 313.000
70.000, 313.000
61.000, 313.000
51.001, 313.001
41.668, 313.000
32.000, 313.000
22.000, 313.000
12.019, 313.000
2.522, 313.087
232.000, 312.000
223.000, 312.000
215.000, 312.000
206.000, 312.000
197.000, 312.000
188.000, 312.000
179.000, 312.000
170.031, 312.000
161.973, 312.000
152.981, 312.000
143.980, 312.000
134.981, 312.000
126.000, 312.375
116.019, 312.000
107.000, 312.000
98.000, 312.362
429.000, 310.976
420.000, 310.969
412.000, 311.000
403.000, 311.000
395.000, 311.000
386.000, 311.000
378.000, 311.000
369.000, 311.000
361.000, 311.000
352.000, 311.000
344.000, 311.000
335.000, 311.000
327.000, 311.000
318.000, 311.000
310.000, 311.000
301.000, 311.000
292.000, 311.000
284.000, 311.000
275.000, 311.000
267.000, 311.000
258.000, 311.000
249.000, 311.000
241.000, 311.083
714.019, 310.000
705.000, 310.000
695.000, 310.000
685.979, 310.000
676.199, 310.000
667.000, 310.000
657.602, 310.000
653.000, 310.000
648.299, 310.000
639.019, 310.000
630.000, 310.000
621.000, 310.000
612.000, 310.000
603.000, 310.000
594.000, 310.000
585.000, 310.000
575.999, 309.999
567.362, 310.000
558.286, 310.000
550.000, 310.000
541.000, 310.000
532.000, 310.000
523.500, 310.000
515.000, 310.000
506.000, 310.000
497.031, 310.000
489.000, 310.000
480.000, 310.000
472.000, 310.000
463.000, 310.027
454.429, 310.000
446.000, 310.000
437.000, 310.249
125.728, 304.000
116.019, 304.000
107.334, 304.000
97.999, 303.999
89.000, 304.000
79.019, 304.000
69.999, 303.999
61.000, 304.000
51.000, 304.000
41.955, 304.000
32.000, 304.000
12.600, 304.600
2.398, 304.199
318.000, 303.000
309.571, 303.000
301.000, 303.000
292.000, 303.000
284.000, 303.000
275.000, 303.000
267.000, 303.000
258.000, 303.000
249.000, 303.000
241.000, 303.000
232.000, 303.000
223.000, 303.000
215.000, 303.000
206.000, 303.000
197.000, 303.000
188.000, 303.000
179.000, 303.000
170.000, 303.000
161.701, 303.000
153.000, 303.000
144.000, 303.199
135.000, 303.362
541.000, 301.961
532.000, 302.000
523.000, 302.000
515.000, 302.000
506.000, 302.000
497.249, 302.000
489.000, 302.000
480.000, 302.000
472.000, 302.000
463.000, 302.000
454.555, 302.000
446.000, 302.000
437.000, 302.000
429.000, 302.000
420.000, 302.000
412.000, 302.000
403.000, 302.000
395.000, 302.000
386.000, 302.000
378.000, 302.000
369.000, 302.000
361.000, 302.000
352.000, 302.000
344.000, 302.000
335.000, 302.000
327.000, 302.039
714.000, 301.000
704.779, 301.000
695.000, 301.000
686.000, 301.000
676.000, 301.000
667.001, 301.001
657.779, 301.000
648.299, 301.000
639.021, 301.021
630.000, 301.000
621.000, 301.181
612.000, 301.019
603.000, 301.638
594.000, 301.362
585.000, 301.181
576.000, 301.272
567.181, 301.362
558.024, 301.000
550.000, 301.429
22.000, 296.000
12.485, 295.940
2.684, 295.946
206.000, 295.000
197.000, 295.000
188.000, 295.000
179.000, 295.000
170.000, 295.000
162.000, 295.000
153.001, 295.001
144.000, 295.000
134.981, 295.000
125.362, 295.000
116.000, 295.000
107.001, 295.001
98.000, 295.000
89.001, 295.001
79.001, 295.001
70.000, 295.000
61.000, 295.221
51.000, 295.000
41.666, 295.334
32.000, 295.602
420.000, 294.000
412.000, 294.000
403.000, 294.000
395.000, 294.000
386.000, 294.000
378.000, 294.000
369.000, 294.000
361.000, 294.000
352.000, 294.000
344.000, 294.000
335.000, 294.000
327.000, 294.000
318.000, 294.000
309.375, 294.000
301.000, 294.000
292.000, 294.000
284.000, 294.000
275.000, 294.000
267.000, 294.000
258.000, 294.000
249.000, 294.000
241.000, 294.000
232.000, 294.000
223.000, 294.000
215.000, 294.000
621.000, 292.981
612.000, 293.000
603.001, 293.001
594.000, 293.000
585.001, 293.000
576.000, 293.000
567.019, 293.000
558.000, 293.000
550.000, 293.000
541.000, 293.000
532.000, 293.000
523.000, 293.000
515.000, 293.000
506.000, 293.000
497.000, 293.000
489.000, 293.000
480.000, 293.000
472.000, 293.000
463.000, 293.000
454.024, 293.000
446.000, 293.000
437.000, 293.024
429.000, 293.375
714.000, 292.000
705.000, 292.000
695.000, 292.000
685.751, 292.000
676.000, 292.019
667.000, 292.272
657.668, 292.647
648.041, 292.353
639.000, 292.801
630.000, 292.801
70.083, 287.000
41.714, 287.000
32.000, 287.000
22.000, 287.000
12.375, 287.000
2.666, 287.000
301.000, 286.000
292.000, 286.000
284.000, 286.000
275.000, 286.000
267.000, 286.000
258.000, 286.000
249.000, 286.000
241.000, 286.000
232.000, 286.000
223.000, 286.000
214.500, 286.000
206.000, 286.000
196.978, 286.000
188.000, 286.000
179.000, 286.000
170.000, 286.000
161.299, 286.000
152.981, 286.000
143.999, 285.999
134.981, 286.000
125.362, 286.000
116.078, 286.059
107.000, 286.019
98.000, 286.199
89.000, 286.181
79.183, 286.636
61.000, 286.729
51.000, 286.729
497.000, 285.000
489.000, 285.000
480.000, 285.000
471.375, 285.000
463.000, 285.000
454.024, 285.000
446.000, 285.000
437.000, 285.000
429.000, 285.000
420.000, 285.000
412.000, 285.000
403.000, 285.000
395.000, 285.000
386.000, 285.000
378.000, 285.000
369.236, 285.089
361.000, 285.000
352.000, 285.000
344.000, 285.000
335.000, 285.000
326.714, 285.000
318.000, 285.031
309.054, 285.710
676.000, 284.000
666.935, 283.913
657.547, 284.000
648.021, 284.000
639.000, 284.000
629.999, 283.999
621.000, 284.000
611.999, 283.999
603.000, 284.000
593.999, 283.999
585.000, 284.000
575.999, 283.999
567.000, 284.000
558.000, 284.000
549.976, 284.000
541.000, 284.000
532.000, 284.000
523.000, 284.024
515.000, 284.027
506.000, 284.779
714.000, 283.000
704.715, 283.285
695.000, 283.571
685.638, 283.638
134.362, 278.000
125.181, 278.000
116.021, 278.000
107.000, 278.000
98.000, 278.000
89.000, 278.000
79.019, 278.000
69.999, 277.999
60.453, 278.000
51.000, 278.000
41.666, 278.000
31.999, 277.999
22.000, 278.000
12.429, 278.000
3.000, 278.000
412.000, 277.000
403.000, 277.000
395.000, 277.000
386.000, 277.000
378.000, 277.000
369.000, 277.000
361.000, 277.000
352.000, 277.000
343.973, 277.000
335.000, 277.000
326.500, 277.000
318.000, 277.000
309.000, 277.000
301.000, 277.000
292.000, 277.000
284.000, 277.000
275.000, 277.000
266.500, 277.000
258.000, 277.000
249.000, 277.000
241.000, 277.000
232.000, 277.000
223.000, 277.000
214.027, 277.000
206.000, 277.000
197.000, 277.000
179.000, 277.000
170.000, 277.000
161.000, 277.000
152.455, 277.455
143.819, 277.728
567.000, 275.981
558.000, 276.000
549.000, 276.000
541.000, 276.000
532.000, 276.000
523.000, 276.000
515.000, 276.000
506.000, 276.000
497.000, 276.000
489.000, 276.000
480.000, 276.000
471.000, 276.000
463.000, 276.000
454.000, 276.000
446.000, 276.000
437.000, 276.000
429.000, 276.027
420.000, 276.000
685.555, 275.000
676.000, 275.000
666.701, 275.000
657.362, 275.000
648.000, 275.000
639.001, 275.001
630.000, 275.000
621.001, 275.000
612.000, 275.000
603.000, 275.019
594.000, 275.019
585.000, 275.181
576.000, 275.728
714.000, 274.031
704.602, 274.602
695.000, 274.701
301.000, 269.000
292.000, 269.000
284.000, 269.000
275.000, 269.000
266.027, 269.000
258.000, 269.000
249.000, 269.000
241.000, 269.000
232.000, 269.000
223.000, 269.000
214.000, 269.000
206.000, 269.000
197.000, 269.000
188.000, 269.000
179.000, 269.000
170.000, 269.000
161.000, 269.000
152.019, 269.000
143.181, 269.000
135.000, 269.000
125.001, 269.001
116.000, 269.000
107.001, 269.001
98.000, 269.000
89.000, 269.000
79.000, 269.000
70.000, 269.000
60.362, 269.000
51.000, 269.000
41.299, 269.000
32.000, 269.000
22.000, 269.000
12.024, 269.000
2.600, 269.000
480.000, 268.000
471.027, 268.000
463.000, 268.000
454.000, 268.000
446.000, 268.000
437.000, 268.000
429.000, 268.000
420.000, 268.000
412.000, 268.000
403.000, 268.000
395.000, 268.000
386.000, 268.000
369.000, 268.000
360.429, 268.000
352.000, 268.000
343.000, 268.000
335.000, 268.000
326.000, 268.000
318.000, 268.000
309.000, 268.000
630.000, 267.000
594.000, 267.000
585.001, 267.001
576.000, 267.000
567.001, 267.001
558.000, 267.000
549.221, 267.000
532.000, 267.000
523.000, 267.000
515.000, 267.000
506.000, 267.000
497.000, 267.000
489.000, 267.375
714.000, 266.000
695.000, 266.000
685.555, 266.000
676.000, 266.000
666.801, 266.000
657.453, 266.000
648.039, 266.000
639.000, 266.000
621.000, 266.728
612.000, 266.728
603.000, 266.362
704.181, 265.728
403.000, 259.973
394.500, 260.000
386.000, 260.000
377.249, 260.000
369.000, 260.000
360.027, 260.000
352.000, 260.000
343.000, 260.000
335.000, 260.000
326.000, 260.000
318.000, 260.000
309.000, 260.000
301.000, 260.000
292.000, 260.000
284.000, 260.000
275.000, 260.000
266.000, 260.000
258.000, 260.000
249.000, 260.000
240.027, 260.000
232.000, 260.000
223.000, 260.000
214.000, 260.000
205.976, 260.000
197.000, 260.000
188.000, 260.000
179.000, 260.000
170.000, 260.000
161.000, 260.000
152.600, 260.301
143.225, 260.038
134.019, 260.000
125.078, 260.059
115.999, 259.999
107.000, 260.000
98.000, 260.021
89.000, 260.000
79.000, 260.000
70.000, 260.000
60.181, 260.000
51.000, 260.000
41.334, 260.000
32.000, 260.000
22.000, 260.000
12.000, 260.000
2.000, 260.000
532.000, 259.000
523.000, 259.000
514.973, 259.000
506.000, 259.000
497.000, 259.000
489.000, 259.000
480.000, 259.000
471.000, 259.000
463.000, 259.000
454.000, 259.000
446.000, 259.000
437.000, 259.000
429.000, 259.000
420.000, 259.000
412.000, 259.000
621.000, 258.000
612.000, 258.000
603.000, 258.000
593.999, 257.999
585.000, 258.000
575.999, 257.999
567.000, 258.398
558.000, 258.000
549.083, 258.000
541.000, 258.000
704.332, 257.000
695.000, 257.000
685.020, 257.000
676.000, 257.000
666.701, 257.000
657.413, 257.038
648.000, 257.500
639.000, 257.638
630.000, 257.272
714.000, 256.638
284.000, 252.000
275.000, 252.000
266.000, 252.000
258.000, 252.000
249.000, 252.000
240.000, 252.000
232.000, 252.000
223.000, 252.000
214.000, 252.000
205.666, 252.000
197.000, 252.000
188.000, 252.000
179.000, 252.000
170.000, 252.000
161.000, 252.000
152.000, 252.000
143.000, 252.000
133.999, 251.999
125.000, 252.000
115.999, 251.999
107.000, 252.000
98.000, 251.979
79.000, 252.000
463.000, 251.000
454.000, 251.000
446.000, 251.000
437.000, 251.000
429.000, 251.000
420.000, 251.000
411.000, 251.000
403.000, 251.000
394.000, 251.000
386.000, 251.000
377.027, 251.000
369.000, 251.000
360.027, 251.000
352.000, 251.000
343.000, 251.000
335.000, 251.000
326.000, 251.000
318.000, 251.000
309.000, 251.000
301.000, 251.024
292.000, 251.429
88.000, 251.181
70.000, 251.199
60.021, 251.021
51.000, 251.299
41.372, 251.395
31.941, 251.000
22.000, 251.000
12.000, 251.000
2.000, 251.000
567.000, 249.979
558.000, 250.000
549.024, 250.000
541.000, 250.000
532.000, 250.000
523.000, 250.000
514.000, 250.000
506.000, 250.000
497.000, 250.000
489.000, 250.000
480.000, 250.000
471.000, 250.031
667.000, 248.955
648.000, 248.976
639.000, 249.000
630.000, 249.000
621.001, 249.001
612.000, 249.000
603.001, 249.000
594.000, 249.000
585.000, 249.021
576.000, 249.021
714.000, 248.000
704.181, 248.000
695.000, 248.000
685.299, 248.000
675.999, 247.999
657.273, 248.636
394.000, 243.000
386.000, 243.000
377.000, 243.000
369.000, 243.000
360.000, 243.000
352.000, 243.000
343.000, 243.000
335.000, 243.000
326.000, 243.000
318.000, 243.000
309.000, 243.000
301.000, 243.000
292.000, 243.000
283.000, 243.000
275.000, 243.000
266.000, 243.000
258.000, 243.000
249.000, 243.000
240.000, 243.000
232.000, 243.000
223.000, 243.000
214.000, 243.000
205.000, 243.000
197.000, 243.000
188.000, 243.000
179.000, 243.000
170.000, 243.000
161.000, 243.000
152.000, 243.000
143.001, 243.001
134.000, 243.000
125.000, 243.000
116.000, 243.000
107.001, 243.001
97.638, 243.000
88.021, 243.000
79.000, 243.000
70.000, 243.000
60.000, 243.000
51.000, 242.976
41.000, 243.000
506.000, 242.000
497.000, 242.000
488.429, 242.000
480.000, 242.000
471.000, 242.000
463.000, 242.000
454.000, 242.000
446.000, 242.000
437.000, 242.000
428.000, 242.000
420.000, 242.000
411.000, 242.000
403.000, 242.000
31.628, 242.605
22.000, 242.083
12.000, 242.000
2.000, 242.000
594.000, 241.000
585.001, 241.001
576.000, 241.000
567.000, 241.000
558.000, 241.000
549.000, 241.000
541.000, 241.000
532.000, 241.000
523.000, 241.000
514.000, 241.000
657.299, 240.000
648.000, 240.000
639.000, 240.000
629.999, 239.999
621.000, 240.000
612.000, 240.019
603.000, 240.729
714.000, 239.000
704.083, 239.000
695.001, 239.001
685.019, 239.000
676.000, 239.019
666.728, 239.728
454.000, 234.000
446.000, 234.000
437.000, 234.000
428.027, 234.000
420.000, 234.000
411.000, 234.000
403.000, 234.000
394.000, 234.000
386.000, 234.000
377.000, 234.000
369.000, 234.000
360.000, 234.000
352.000, 234.000
343.000, 234.000
335.000, 234.000
326.000, 234.000
318.000, 234.000
309.000, 234.000
301.000, 234.000
292.000, 234.000
283.000, 234.000
275.000, 234.027
266.000, 234.000
258.000, 234.000
249.000, 234.000
240.000, 234.600
232.000, 234.000
223.000, 234.024
214.000, 234.000
205.000, 234.000
197.000, 234.024
188.000, 234.000
179.000, 234.000
169.999, 233.999
161.000, 234.000
151.999, 233.999
143.000, 234.019
134.000, 234.000
125.000, 234.000
115.999, 233.999
107.000, 234.000
97.019, 234.000
88.000, 234.000
79.000, 234.000
69.019, 234.000
60.000, 234.000
50.969, 234.000
41.000, 234.000
31.059, 234.000
12.000, 233.917
541.000, 233.000
532.000, 233.000
523.000, 233.000
514.000, 233.000
506.000, 233.000
497.000, 233.000
488.000, 233.000
480.000, 233.000
471.000, 233.000
463.000, 233.000
22.000, 233.600
2.000, 233.000
612.000, 231.980
603.000, 232.000
593.999, 231.999
585.000, 232.000
576.000, 232.000
567.000, 232.000
558.000, 232.000
549.027, 232.000
666.729, 231.000
657.332, 231.000
647.978, 231.000
639.000, 231.000
630.000, 231.181
621.000, 231.020
714.000, 230.000
704.500, 230.000
695.000, 230.000
685.458, 230.042
676.000, 230.801
377.000, 226.000
369.000, 226.000
360.000, 226.000
352.000, 226.000
343.000, 226.000
335.000, 226.000
326.000, 226.000
318.000, 226.000
309.000, 226.000
300.375, 226.000
292.000, 226.000
283.000, 226.000
275.000, 226.000
266.000, 226.000
257.000, 226.000
249.000, 226.000
240.000, 226.000
231.000, 226.000
223.000, 226.000
214.000, 226.000
205.000, 226.000
196.021, 226.000
188.000, 226.000
179.000, 226.000
161.000, 226.000
152.000, 226.000
143.000, 226.000
134.000, 226.000
488.249, 225.000
480.000, 225.000
471.000, 225.000
463.000, 225.000
454.000, 225.000
445.571, 225.000
437.000, 225.000
428.000, 225.000
420.000, 225.000
411.000, 225.000
403.000, 225.000
394.000, 225.000
386.000, 225.249
125.000, 225.547
116.000, 225.181
106.319, 225.038
97.182, 225.182
88.000, 225.000
79.000, 225.000
69.249, 225.000
60.000, 225.000
50.221, 225.000
41.001, 225.001
31.000, 225.000
21.500, 225.000
567.000, 224.000
558.000, 224.000
549.000, 224.000
541.000, 224.000
532.000, 224.021
523.000, 224.000
514.000, 224.000
506.000, 224.000
497.000, 224.000
11.714, 224.714
1.940, 224.485
621.001, 223.001
612.000, 223.000
603.001, 223.001
594.000, 223.000
585.000, 223.019
576.000, 223.000
676.000, 221.980
666.801, 222.000
657.362, 222.000
648.024, 222.000
639.000, 222.199
630.000, 222.362
714.000, 221.000
704.701, 221.000
695.000, 221.000
685.681, 221.699
437.000, 217.000
428.000, 217.000
420.000, 217.000
411.000, 217.000
403.000, 217.000
394.000, 217.000
386.000, 217.000
377.000, 217.000
369.000, 217.000
360.000, 217.000
352.000, 217.000
343.000, 217.000
335.000, 217.000
326.000, 217.000
317.000, 217.000
309.000, 217.000
300.000, 217.000
292.000, 217.000
283.000, 217.000
275.000, 217.000
266.000, 217.000
257.000, 217.000
249.000, 217.000
240.000, 217.000
231.000, 217.000
223.000, 217.000
214.000, 217.000
205.000, 217.000
196.000, 217.000
187.000, 217.000
179.000, 217.000
170.000, 217.000
161.001, 217.001
152.000, 217.000
143.000, 217.001
134.000, 217.000
125.000, 217.000
115.819, 217.000
106.019, 217.000
97.001, 217.001
523.000, 216.000
514.027, 216.000
506.000, 216.000
497.000, 216.000
488.000, 216.000
480.000, 216.000
471.000, 216.000
463.000, 216.000
454.000, 216.000
445.031, 216.000
88.000, 216.362
78.249, 216.625
69.000, 216.000
60.000, 216.000
50.045, 216.045
41.000, 216.000
31.000, 216.000
21.000, 216.000
11.332, 216.000
585.001, 215.001
576.000, 215.000
567.000, 215.000
558.000, 215.000
549.000, 215.000
541.000, 215.000
532.000, 215.000
1.445, 215.667
629.999, 213.999
621.000, 214.000
611.999, 213.999
603.000, 214.019
594.000, 214.272
676.000, 213.000
667.001, 213.001
657.547, 213.000
648.038, 213.605
639.000, 213.728
714.000, 212.000
704.547, 212.000
695.000, 212.199
685.183, 212.545
369.000, 208.973
360.000, 209.000
352.000, 209.000
343.000, 209.000
335.000, 209.000
326.000, 209.000
317.000, 209.000
309.000, 209.000
300.000, 209.000
292.000, 209.000
283.000, 209.000
274.973, 209.000
266.000, 209.000
257.000, 209.000
249.000, 209.000
240.000, 209.000
231.000, 209.000
222.973, 209.000
214.000, 209.000
205.000, 209.000
196.000, 209.000
187.000, 208.979
471.000, 208.000
463.000, 208.000
454.000, 208.000
445.000, 208.000
437.000, 208.000
428.024, 208.024
420.000, 208.000
411.000, 208.000
403.000, 208.000
394.000, 208.000
386.000, 208.000
377.000, 208.024
178.353, 208.332
170.000, 208.000
161.000, 208.000
152.000, 208.019
143.000, 208.000
133.999, 207.999
124.728, 208.000
115.000, 208.000
106.000, 208.000
97.000, 208.000
88.000, 208.000
78.000, 208.000
541.000, 207.000
532.000, 207.000
523.000, 207.000
514.000, 207.000
506.000, 207.000
497.000, 207.000
488.024, 207.000
480.000, 207.000
69.000, 207.271
59.225, 207.207
50.000, 207.024
40.024, 207.000
31.000, 207.000
21.000, 207.000
11.000, 207.000
1.000, 207.000
593.999, 205.999
585.000, 206.000
575.999, 205.999
567.000, 206.000
558.000, 206.000
549.000, 206.249
639.000, 205.000
630.000, 205.000
621.001, 205.001
612.000, 205.000
603.000, 205.362
685.903, 203.927
675.999, 203.999
667.000, 204.000
658.000, 204.181
648.038, 204.699
714.000, 203.000
704.973, 203.000
695.000, 203.362
420.000, 200.000
411.000, 200.000
403.000, 200.000
394.000, 200.000
386.000, 200.000
377.000, 200.000
369.000, 200.000
360.000, 200.000
351.027, 200.000
343.000, 200.000
334.000, 200.000
326.000, 200.000
317.000, 200.000
309.000, 200.000
300.000, 200.000
292.000, 200.000
283.000, 200.000
274.000, 200.000
266.000, 200.000
257.000, 200.000
248.027, 200.000
240.000, 200.000
231.000, 200.000
222.021, 200.000
214.000, 200.000
205.000, 200.000
196.000, 200.000
187.000, 200.000
178.000, 200.000
169.181, 200.000
160.299, 200.000
151.980, 200.000
142.819, 200.000
497.000, 199.000
488.024, 199.000
480.000, 199.000
471.000, 199.000
463.000, 199.000
454.000, 199.000
445.024, 199.000
437.000, 199.000
428.000, 199.000
133.605, 199.628
124.000, 199.019
115.021, 199.021
106.000, 199.000
97.001, 199.001
87.332, 199.000
78.000, 199.000
69.000, 199.000
59.021, 199.000
558.000, 198.000
549.000, 198.000
541.000, 198.000
532.000, 198.000
523.000, 198.000
514.024, 198.000
506.000, 198.249
50.000, 198.714
40.000, 198.000
30.332, 198.000
21.000, 198.000
11.000, 198.000
612.000, 197.000
603.001, 197.001
594.000, 197.000
585.000, 197.000
576.000, 197.000
567.000, 197.299
1.000, 197.602
648.221, 196.000
643.000, 196.000
639.000, 196.000
629.999, 195.999
621.000, 196.453
685.701, 195.000
676.000, 195.000
667.001, 195.001
657.606, 195.586
714.571, 194.000
704.701, 194.000
695.000, 194.729
334.000, 192.000
326.000, 192.000
317.000, 192.000
309.000, 192.000
300.000, 192.000
292.000, 192.000
283.000, 192.000
274.000, 192.000
266.000, 192.000
257.000, 192.000
248.000, 192.000
240.000, 192.000
231.000, 192.000
454.000, 191.000
445.000, 191.000
437.000, 191.000
428.000, 191.000
420.000, 191.000
411.000, 191.000
403.000, 191.000
394.000, 191.000
385.973, 191.000
377.000, 191.000
369.000, 191.000
360.000, 191.000
351.000, 191.000
343.000, 191.625
222.000, 191.000
213.000, 191.000
205.000, 191.000
196.000, 191.000
187.000, 191.000
178.000, 191.000
169.000, 191.000
160.000, 191.000
151.024, 191.000
142.000, 191.000
133.001, 191.001
124.000, 191.000
115.000, 191.000
523.000, 190.000
514.024, 190.000
506.000, 190.000
497.000, 190.000
488.000, 190.000
480.000, 190.000
471.000, 190.000
463.000, 190.751
106.000, 190.019
96.019, 190.000
87.000, 190.000
78.000, 190.000
69.000, 190.000
59.000, 190.000
49.272, 190.000
576.000, 189.000
567.001, 189.001
558.000, 189.000
549.000, 189.000
541.000, 189.000
532.000, 189.000
40.000, 189.500
30.000, 189.000
20.000, 189.000
10.555, 189.000
0.964, 189.000
642.500, 187.000
611.999, 187.999
603.000, 188.000
593.999, 187.999
585.000, 188.547
657.819, 187.000
648.332, 187.000
639.000, 187.000
630.000, 187.272
621.000, 187.638
695.000, 185.973
686.000, 186.000
676.199, 186.000
667.000, 186.181
714.668, 185.000
705.000, 185.000
403.000, 182.973
394.000, 183.000
385.000, 183.000
377.000, 183.000
368.027, 183.000
360.000, 183.000
351.000, 183.000
343.000, 183.000
334.000, 183.000
326.000, 183.000
317.000, 183.000
309.000, 183.000
300.000, 183.000
291.000, 183.000
283.000, 183.000
274.000, 183.000
266.000, 183.000
257.000, 183.000
248.000, 183.000
240.000, 183.000
231.000, 183.000
222.000, 183.000
213.000, 183.000
204.249, 183.000
196.000, 183.000
187.000, 183.000
480.000, 182.000
471.000, 182.000
462.625, 182.000
454.000, 182.000
445.000, 182.000
437.000, 182.000
428.000, 182.000
420.000, 182.000
411.000, 182.221
178.000, 182.221
169.000, 182.000
159.999, 181.999
151.000, 182.000
142.000, 182.000
133.000, 182.000
123.999, 181.999
115.000, 182.000
105.728, 182.000
541.000, 181.000
532.000, 181.000
523.000, 181.000
514.000, 181.000
506.000, 181.000
497.000, 181.000
488.027, 181.000
96.041, 181.668
87.001, 181.001
77.779, 181.000
68.021, 181.000
59.000, 181.000
49.000, 181.000
585.000, 180.000
576.000, 180.000
567.000, 180.000
558.000, 180.000
549.024, 180.000
39.625, 180.625
30.000, 180.000
20.000, 180.000
10.000, 180.000
630.000, 179.000
621.001, 179.001
612.000, 179.000
603.001, 179.001
594.000, 179.019
667.000, 177.976
657.999, 177.999
648.500, 178.000
639.019, 178.000
686.000, 177.000
676.602, 177.000
715.000, 176.000
705.000, 176.000
695.181, 176.729
437.000, 174.000
428.000, 174.000
420.000, 174.000
411.000, 174.000
402.332, 174.000
394.000, 174.000
385.000, 174.000
377.000, 174.000
368.000, 174.000
360.000, 174.000
351.000, 174.000
343.000, 174.000
334.000, 174.000
326.000, 174.000
317.000, 174.000
308.024, 174.000
300.000, 174.000
291.000, 174.000
283.000, 174.000
274.000, 174.000
265.000, 174.000
257.000, 174.000
248.000, 174.000
239.000, 174.000
231.000, 174.000
222.000, 174.000
213.000, 174.000
204.000, 174.000
195.500, 174.000
187.000, 174.000
177.999, 173.999
169.000, 174.000
160.000, 174.000
506.000, 173.000
497.000, 173.000
488.027, 173.000
480.000, 173.000
471.000, 173.000
462.375, 173.000
454.000, 173.000
445.000, 173.000
151.000, 173.199
142.000, 173.000
133.000, 173.000
124.000, 173.000
114.362, 173.000
105.001, 173.001
96.000, 173.000
87.001, 173.001
549.221, 172.000
541.000, 172.000
532.000, 172.000
523.000, 172.000
514.000, 172.000
77.059, 172.078
67.999, 171.999
58.199, 172.000
49.000, 172.000
594.000, 171.000
585.001, 171.001
576.000, 171.000
567.000, 171.000
558.000, 171.000
39.000, 171.625
29.353, 171.041
20.000, 171.000
10.000, 171.000
0.463, 170.963
630.000, 170.000
621.000, 170.000
611.999, 169.999
603.000, 170.181
658.000, 169.000
648.181, 169.000
639.199, 169.398
696.000, 168.000
685.999, 167.999
676.728, 168.000
667.000, 168.801
715.001, 167.001
705.000, 167.000
368.000, 166.000
360.000, 166.000
351.000, 166.000
343.000, 166.000
334.000, 166.000
325.976, 166.000
317.000, 166.000
308.000, 166.000
300.000, 166.000
291.000, 166.000
283.000, 166.000
274.000, 166.000
265.000, 166.000
257.000, 166.000
248.000, 166.000
239.000, 166.000
230.221, 166.000
462.083, 164.890
454.000, 165.000
445.000, 165.000
437.000, 165.000
428.000, 165.000
420.000, 165.000
411.000, 165.000
402.027, 165.000
394.000, 165.000
385.000, 165.000
377.000, 165.027
222.000, 165.555
213.000, 165.000
204.000, 165.000
195.000, 165.000
186.000, 165.000
178.000, 165.000
169.000, 165.000
160.000, 165.000
151.001, 165.001
141.981, 165.000
514.199, 164.000
506.000, 164.000
497.000, 164.000
488.000, 164.000
480.000, 164.000
471.000, 164.000
133.000, 164.453
123.019, 164.019
114.000, 164.000
105.000, 164.000
96.000, 164.000
86.453, 164.000
558.000, 163.000
549.039, 163.000
541.000, 163.000
532.000, 163.000
523.000, 163.000
77.000, 163.728
68.000, 163.000
58.000, 163.000
48.398, 163.000
39.001, 163.001
603.000, 162.000
593.999, 161.999
585.000, 162.000
576.000, 162.019
567.000, 162.021
29.039, 162.039
19.286, 162.000
9.600, 162.000
0.250, 162.000
630.021, 161.000
621.000, 161.000
612.000, 161.547
658.000, 160.000
648.801, 160.000
639.183, 160.636
696.000, 159.000
686.000, 159.000
677.000, 159.000
667.181, 159.819
715.000, 158.000
705.019, 158.000
402.000, 157.000
394.000, 157.000
385.000, 157.000
377.000, 157.000
368.000, 157.000
360.000, 157.000
351.000, 157.000
342.625, 157.000
334.000, 157.000
325.000, 157.000
317.000, 157.000
308.000, 157.000
300.000, 157.000
291.000, 157.000
282.000, 157.000
274.000, 157.000
265.000, 157.000
256.000, 157.000
248.000, 157.000
239.000, 157.000
230.000, 157.000
221.976, 157.000
213.000, 157.000
204.000, 157.000
195.000, 157.000
480.000, 156.000
471.000, 156.000
462.000, 156.000
454.000, 156.000
445.000, 156.000
437.000, 156.000
428.000, 156.000
420.000, 156.000
411.000, 156.445
186.000, 156.019
177.000, 156.000
168.000, 156.000
159.019, 156.000
150.019, 156.000
141.000, 156.000
131.999, 155.999
123.000, 156.000
532.000, 154.976
523.000, 155.000
514.000, 155.000
506.000, 155.000
497.000, 155.000
488.024, 155.000
114.000, 155.000
105.001, 155.001
95.547, 155.000
86.000, 155.000
77.000, 155.001
567.000, 154.000
558.021, 154.000
549.031, 154.000
541.000, 154.000
67.073, 154.097
58.000, 154.000
48.000, 154.000
38.453, 154.000
603.001, 153.001
594.000, 153.000
585.001, 153.001
576.000, 153.199
29.000, 153.400
19.000, 153.000
9.000, 153.000
0.325, 153.000
630.668, 152.000
621.000, 152.000
612.000, 152.181
658.000, 151.000
649.000, 151.332
639.000, 151.766
687.000, 150.000
677.000, 150.024
667.751, 150.772
715.000, 149.000
705.668, 149.000
696.000, 149.728
428.000, 148.000
419.500, 148.000
411.000, 148.000
402.000, 148.000
394.000, 148.000
385.000, 148.000
377.000, 148.000
368.000, 148.000
359.969, 148.000
351.000, 148.000
342.000, 148.000
334.000, 148.000
325.000, 148.000
317.000, 148.024
308.000, 148.000
299.024, 148.000
291.000, 148.000
282.000, 148.000
274.000, 148.000
265.000, 148.000
256.000, 148.000
247.976, 148.000
239.000, 148.000
230.000, 148.000
221.000, 148.000
213.000, 148.000
204.000, 148.000
195.000, 148.000
186.000, 148.000
177.000, 148.000
488.000, 147.000
480.000, 147.000
471.000, 147.000
462.027, 147.000
454.000, 147.000
445.000, 147.000
437.000, 147.668
168.000, 147.000
159.000, 147.000
150.000, 147.000
141.000, 147.000
132.000, 147.000
123.001, 147.001
114.000, 147.000
541.000, 146.000
532.000, 146.000
523.000, 146.000
514.398, 146.000
506.000, 146.000
497.000, 146.779
104.078, 146.059
95.000, 146.000
86.000, 146.000
76.021, 146.000
576.181, 145.000
567.271, 145.000
558.024, 145.000
550.000, 145.000
67.000, 145.181
57.019, 145.000
48.000, 145.000
38.000, 145.000
611.999, 143.999
603.000, 144.000
593.999, 143.999
585.000, 144.019
28.398, 144.398
18.500, 144.000
8.976, 144.000
639.973, 143.000
630.815, 143.000
621.225, 143.038
667.801, 142.000
658.019, 142.000
649.000, 142.272
686.728, 141.000
677.000, 141.021
705.728, 140.000
696.000, 140.701
368.000, 140.000
351.000, 140.000
342.000, 140.000
334.000, 140.000
325.000, 140.000
317.000, 140.000
308.000, 140.000
299.000, 140.000
291.000, 140.000
282.000, 140.000
273.000, 140.000
265.000, 140.000
256.000, 140.000
247.000, 139.979
715.400, 139.799
454.000, 138.976
445.000, 139.000
437.000, 139.000
428.000, 139.000
419.000, 139.000
411.000, 139.000
402.000, 139.000
394.000, 139.000
385.000, 139.000
377.000, 139.249
359.000, 139.340
239.000, 139.500
230.000, 139.000
221.000, 139.000
212.000, 139.000
203.000, 139.000
195.000, 139.000
186.000, 139.000
177.000, 139.000
168.000, 139.000
506.000, 137.979
497.000, 138.000
488.000, 138.000
480.000, 138.000
471.000, 138.000
462.221, 138.000
159.000, 138.801
149.999, 137.999
141.000, 138.000
131.999, 137.999
122.638, 138.000
113.019, 138.000
550.000, 137.000
541.000, 137.000
532.000, 137.000
523.000, 137.000
514.027, 137.000
104.000, 137.019
95.000, 137.000
85.000, 137.000
76.000, 137.000
576.019, 136.000
567.181, 136.000
558.221, 136.000
66.458, 136.437
57.000, 136.000
47.221, 136.000
38.000, 136.000
612.181, 135.000
603.020, 135.000
594.000, 135.000
585.000, 135.271
28.000, 135.000
18.000, 135.000
8.000, 135.000
639.999, 133.999
631.000, 134.000
621.636, 134.183
668.000, 133.000
658.779, 133.000
649.000, 133.625
686.979, 132.000
677.024, 132.000
706.000, 131.000
696.392, 131.429
402.000, 131.000
394.000, 131.000
385.000, 131.000
376.221, 131.000
368.000, 131.000
359.000, 131.000
351.000, 131.000
342.000, 131.000
334.000, 131.000
325.000, 131.000
316.000, 131.000
308.000, 131.000
299.000, 131.000
291.000, 131.000
282.000, 131.000
273.000, 131.000
265.000, 131.000
256.000, 131.000
247.000, 131.000
238.000, 131.000
230.000, 131.000
221.000, 130.976
715.636, 130.273
462.024, 130.000
454.000, 130.000
445.000, 130.000
437.000, 130.000
428.000, 130.000
419.000, 130.000
411.000, 130.000
212.000, 130.332
203.000, 130.024
194.000, 130.000
185.445, 130.000
177.000, 130.000
168.000, 130.000
159.000, 130.000
149.999, 129.999
514.976, 129.000
506.000, 129.000
497.000, 129.000
488.000, 129.000
480.000, 129.000
471.000, 129.751
140.728, 129.000
131.001, 129.001
122.000, 129.000
113.001, 129.000
104.000, 129.000
550.000, 128.000
541.000, 128.000
532.000, 128.000
523.000, 128.000
94.097, 128.073
85.000, 128.000
75.199, 128.000
585.019, 127.000
576.021, 127.000
567.181, 127.000
559.000, 127.000
66.000, 127.500
56.701, 127.000
47.000, 127.000
37.024, 127.000
612.638, 126.000
603.453, 126.000
594.181, 126.000
27.250, 126.188
17.728, 126.000
8.000, 126.000
640.000, 125.000
630.981, 125.000
622.000, 125.668
668.000, 124.000
658.728, 124.000
649.019, 124.000
687.000, 123.000
677.728, 123.000
706.000, 122.000
696.976, 122.000
419.000, 122.000
411.000, 122.000
402.000, 122.000
394.000, 122.000
385.000, 122.000
376.000, 122.000
368.000, 122.000
359.000, 122.000
351.000, 122.000
342.000, 122.000
333.221, 122.000
325.000, 122.000
316.000, 122.000
308.000, 122.000
299.000, 122.000
290.000, 122.000
282.000, 122.000
273.000, 122.000
264.000, 122.000
256.000, 122.000
247.000, 122.000
238.000, 122.000
229.299, 122.000
221.000, 122.000
212.000, 122.000
203.000, 122.000
716.000, 121.000
480.000, 120.976
471.000, 121.000
462.024, 121.000
454.000, 121.000
445.000, 121.000
436.779, 121.000
428.000, 121.249
194.000, 121.000
185.000, 121.000
176.000, 121.000
167.001, 121.001
158.000, 121.000
149.001, 121.001
523.000, 120.000
515.000, 120.000
506.000, 120.000
497.000, 120.000
488.024, 120.000
140.000, 120.019
131.000, 120.000
121.999, 119.999
113.000, 120.000
103.181, 120.000
559.000, 119.000
550.000, 119.000
541.000, 119.000
532.000, 119.000
94.000, 119.000
84.571, 119.000
75.000, 119.000
585.362, 118.000
576.362, 118.000
567.980, 118.000
66.000, 118.668
55.999, 117.999
46.445, 118.000
37.000, 117.979
613.001, 117.001
603.728, 117.000
594.636, 117.273
27.000, 117.000
17.000, 117.000
640.000, 116.000
631.000, 116.000
622.000, 116.181
7.000, 116.059
659.000, 115.000
649.299, 115.000
677.801, 114.000
668.000, 114.555
325.000, 113.976
316.000, 114.000
307.512, 113.954
697.000, 113.000
687.000, 113.701
428.000, 113.000
419.000, 113.000
411.000, 113.000
402.000, 113.000
393.398, 113.000
385.000, 113.000
376.000, 113.000
368.000, 113.000
359.000, 113.000
351.000, 113.191
342.000, 113.625
333.000, 113.779
299.000, 113.779
290.000, 113.398
282.000, 113.398
273.000, 113.024
264.000, 113.000
255.199, 113.000
247.000, 113.000
238.000, 113.000
229.000, 113.000
220.199, 113.000
212.000, 113.000
203.000, 113.000
194.000, 113.000
716.000, 112.000
706.751, 112.772
488.024, 112.000
480.000, 112.000
471.000, 112.000
462.024, 112.000
454.000, 112.000
445.000, 112.000
436.278, 112.745
185.000, 112.398
175.999, 111.999
167.000, 112.000
157.999, 111.999
149.000, 112.000
139.999, 111.999
523.021, 111.000
515.000, 111.000
506.000, 111.000
497.000, 111.000
131.001, 111.001
121.362, 111.000
112.000, 111.000
103.001, 111.001
559.000, 110.000
550.000, 110.000
541.000, 110.000
532.038, 110.319
93.976, 110.000
90.000, 110.000
84.000, 110.000
75.000, 110.000
586.000, 109.000
577.000, 109.001
568.000, 109.500
65.059, 109.079
56.000, 109.000
46.000, 109.000
613.000, 108.000
603.999, 107.999
595.000, 108.362
36.188, 108.250
26.181, 108.000
16.555, 108.000
640.221, 107.000
631.021, 107.000
622.000, 107.000
6.332, 107.000
659.000, 106.000
649.779, 106.000
645.000, 106.000
678.000, 105.000
668.667, 105.223
368.000, 105.000
359.000, 105.000
350.221, 105.000
342.000, 105.000
333.000, 105.000
325.000, 105.000
316.000, 105.000
307.000, 105.000
299.000, 105.000
290.000, 105.000
281.000, 105.000
273.000, 104.978
264.000, 105.000
697.000, 104.000
687.699, 104.400
445.000, 104.000
436.024, 104.000
428.000, 104.000
419.000, 104.000
411.000, 104.000
402.000, 104.000
393.021, 104.000
385.000, 104.000
376.000, 104.021
255.000, 104.500
247.000, 104.000
238.000, 104.000
229.000, 104.000
220.000, 104.000
211.000, 104.000
202.362, 104.000
193.980, 104.000
185.000, 104.000
716.779, 103.000
707.000, 103.083
497.000, 102.979
488.021, 103.000
480.000, 103.000
471.000, 103.000
462.021, 103.000
454.000, 103.000
176.000, 103.000
167.001, 103.001
158.000, 103.000
149.001, 103.001
139.638, 103.000
532.000, 102.000
523.299, 102.000
515.000, 102.000
506.000, 102.000
129.999, 101.999
121.000, 102.000
111.999, 101.999
102.976, 102.000
559.000, 101.001
550.000, 101.000
541.000, 101.000
93.000, 101.021
84.000, 101.000
74.000, 101.000
585.999, 99.999
577.000, 100.000
568.000, 100.019
65.000, 100.221
55.000, 100.000
45.625, 100.000
613.000, 99.000
604.000, 99.000
595.000, 99.020
36.000, 99.000
26.000, 99.000
631.299, 98.000
622.000, 98.019
16.000, 98.000
6.000, 98.000
659.199, 97.000
650.000, 97.000
640.065, 97.087
678.000, 96.000
669.000, 96.000
385.000, 96.000
376.000, 96.000
368.000, 96.000
359.000, 96.000
350.000, 96.000
342.000, 96.000
333.000, 96.000
324.299, 96.000
316.000, 96.000
307.000, 96.000
298.979, 96.000
290.000, 96.000
281.000, 96.000
272.668, 96.000
264.000, 96.000
255.000, 96.000
245.999, 96.000
697.500, 95.000
688.000, 95.000
454.000, 95.000
445.000, 95.000
436.701, 95.000
428.000, 95.000
419.000, 95.000
411.000, 95.000
402.000, 95.000
393.000, 95.500
237.719, 95.281
229.000, 95.000
220.000, 95.000
211.000, 95.000
202.000, 95.000
193.001, 95.001
184.000, 95.000
717.000, 93.961
707.000, 94.000
497.000, 94.000
488.362, 94.000
479.999, 94.000
471.000, 94.000
462.199, 94.000
175.000, 94.000
165.999, 93.999
157.000, 94.000
147.999, 93.999
139.000, 94.000
532.000, 93.000
523.398, 93.000
515.000, 93.000
506.000, 93.181
130.000, 93.000
121.000, 93.000
111.001, 93.001
102.000, 93.000
559.000, 92.000
549.999, 91.999
541.000, 92.000
93.000, 92.024
83.000, 92.000
74.000, 92.000
586.000, 91.000
577.001, 91.001
568.000, 91.272
64.221, 91.221
55.000, 91.000
613.000, 90.000
603.999, 89.999
595.000, 90.272
45.000, 90.625
35.000, 90.000
25.000, 90.000
631.453, 89.000
622.181, 89.000
15.021, 89.000
5.027, 89.000
650.000, 88.000
641.000, 88.602
669.001, 87.001
659.959, 87.751
402.000, 87.000
393.000, 87.000
385.000, 87.000
376.000, 87.000
367.000, 87.000
359.000, 87.000
350.000, 87.000
342.000, 87.000
333.000, 87.000
324.000, 87.000
316.000, 87.000
307.000, 87.000
298.000, 87.000
290.000, 87.000
281.000, 87.000
272.000, 87.000
264.000, 87.000
255.000, 87.001
246.000, 87.000
237.000, 87.000
688.000, 86.000
678.545, 86.273
462.000, 85.980
454.000, 86.000
445.000, 86.000
436.000, 86.000
428.000, 86.000
418.963, 86.055
410.113, 86.113
228.199, 86.199
220.000, 86.000
211.000, 86.000
201.999, 85.999
193.000, 86.000
183.999, 85.999
707.961, 85.000
697.728, 85.181
497.020, 85.000
488.547, 85.000
480.000, 85.000
471.001, 85.001
175.000, 85.638
166.000, 85.000
157.001, 85.001
148.000, 85.000
139.001, 85.000
717.045, 84.000
532.272, 84.000
523.999, 83.999
515.000, 84.000
506.000, 84.453
129.453, 84.000
120.000, 84.000
111.000, 84.000
102.000, 83.973
559.001, 83.001
550.000, 83.000
541.001, 83.001
92.000, 83.000
83.000, 83.000
78.000, 83.000
585.999, 81.999
577.000, 82.000
568.000, 82.019
73.000, 82.701
54.000, 82.000
613.301, 80.962
604.000, 81.000
595.000, 81.020
44.286, 81.286
34.779, 81.000
632.000, 80.000
623.000, 80.000
25.000, 80.024
15.000, 80.000
650.199, 79.000
641.001, 79.001
5.000, 79.021
669.019, 78.000
660.000, 78.019
410.065, 77.935
402.000, 77.979
393.000, 78.000
385.000, 78.000
376.000, 78.000
367.000, 78.000
359.000, 78.000
350.000, 78.000
341.199, 78.000
333.000, 78.000
324.000, 78.000
315.021, 78.000
307.000, 78.000
298.000, 78.000
289.000, 78.000
281.000, 78.000
271.999, 77.999
263.000, 78.000
255.000, 78.000
246.000, 78.000
237.000, 78.000
228.000, 77.979
688.272, 77.000
679.000, 77.000
462.059, 76.941
454.000, 77.000
445.000, 77.000
436.272, 77.000
428.000, 77.000
419.000, 77.021
219.000, 77.020
210.221, 77.000
201.728, 77.000
193.001, 77.001
184.000, 77.000
175.001, 77.001
698.000, 76.000
506.000, 75.979
497.299, 76.000
488.453, 76.000
479.999, 75.999
471.000, 76.019
166.000, 76.019
157.000, 76.000
147.272, 76.000
138.045, 76.000
718.000, 75.000
707.958, 75.437
532.638, 75.000
524.000, 75.000
515.001, 75.001
129.000, 75.027
120.000, 75.000
110.500, 75.000
559.019, 74.000
549.999, 73.999
541.078, 74.059
101.000, 74.272
91.999, 73.999
81.999, 73.999
586.000, 73.000
577.000, 73.000
568.000, 73.000
73.000, 73.021
63.000, 73.000
604.728, 72.000
595.019, 72.000
53.625, 72.625
44.000, 72.000
34.000, 72.000
632.000, 71.000
623.001, 71.001
613.453, 71.000
24.000, 71.000
650.979, 70.000
641.571, 70.000
14.000, 70.751
4.000, 70.000
660.000, 69.000
410.000, 69.000
402.000, 69.000
393.000, 69.000
384.362, 69.000
376.000, 69.000
367.000, 69.000
358.981, 69.000
350.000, 69.000
341.000, 69.000
333.001, 69.001
324.000, 69.000
315.000, 69.000
307.000, 69.000
298.000, 69.000
289.000, 69.000
280.819, 69.000
272.000, 69.000
263.000, 69.000
254.000, 69.000
246.000, 69.000
237.001, 69.001
228.000, 68.979
679.000, 68.000
669.699, 68.681
471.000, 68.000
462.019, 68.000
453.999, 67.999
445.000, 68.000
435.999, 67.999
428.000, 68.000
419.000, 68.824
219.000, 68.019
209.999, 67.999
201.000, 68.000
192.000, 68.000
183.000, 68.000
174.031, 68.000
688.668, 67.041
506.000, 67.000
497.001, 67.001
489.001, 67.001
480.000, 67.000
165.020, 67.020
156.000, 67.000
147.001, 67.001
138.000, 66.981
708.000, 66.000
533.000, 66.000
524.000, 66.000
515.000, 66.000
129.000, 66.000
119.000, 66.000
110.000, 66.000
718.000, 65.666
559.181, 65.000
550.019, 65.000
541.362, 65.000
101.000, 65.000
91.000, 65.000
586.207, 63.962
577.181, 64.000
568.019, 64.000
82.000, 64.801
72.000, 64.000
62.979, 64.000
604.981, 63.000
595.272, 63.000
53.000, 63.000
43.000, 63.000
623.000, 62.000
613.999, 61.999
33.000, 62.000
23.083, 62.000
641.819, 61.000
632.097, 61.073
13.000, 61.000
3.000, 61.000
660.181, 60.000
651.000, 60.021
419.000, 59.979
409.999, 59.999
401.999, 59.999
393.000, 60.000
384.019, 60.000
375.999, 59.999
367.000, 60.000
358.000, 60.000
350.000, 60.000
341.000, 60.000
332.181, 60.000
324.000, 60.021
315.000, 60.000
306.021, 60.000
298.000, 60.000
289.000, 60.000
280.000, 60.000
272.000, 60.000
263.000, 60.000
253.999, 59.999
245.000, 60.000
236.021, 60.000
228.000, 59.980
679.395, 58.962
670.000, 59.000
462.019, 59.000
454.000, 59.000
445.000, 59.000
436.000, 59.000
428.000, 59.000
219.001, 59.001
210.000, 59.000
201.001, 59.001
192.000, 59.000
183.001, 59.001
174.000, 58.981
689.000, 58.000
505.999, 57.999
497.019, 58.000
489.000, 58.000
479.999, 57.999
471.000, 58.729
165.000, 58.000
155.999, 57.999
147.000, 58.000
708.701, 57.000
699.000, 57.021
533.001, 57.001
524.000, 57.000
515.001, 57.001
137.020, 57.020
128.000, 57.000
119.001, 57.001
718.750, 56.000
559.453, 56.000
550.638, 56.000
542.000, 56.181
109.453, 56.181
100.000, 56.000
90.299, 56.000
577.547, 55.000
568.272, 55.000
81.000, 55.000
71.981, 55.000
595.999, 53.999
586.699, 54.038
62.000, 54.021
52.000, 54.000
623.181, 53.000
614.000, 53.000
605.000, 53.819
42.445, 53.445
32.398, 53.000
642.000, 52.000
632.668, 52.000
22.571, 52.000
12.625, 52.000
651.019, 51.000
419.001, 51.001
410.000, 51.000
402.000, 51.000
393.000, 51.000
384.021, 51.000
376.000, 51.000
367.000, 51.000
358.000, 51.000
350.000, 51.000
341.000, 51.000
332.078, 51.059
324.000, 51.362
315.001, 51.001
306.000, 51.000
297.181, 51.000
289.000, 51.000
280.000, 51.000
271.001, 51.001
262.638, 51.000
254.000, 51.000
245.001, 51.001
236.000, 51.000
2.059, 51.000
670.000, 50.000
660.962, 50.207
462.181, 50.000
453.999, 49.999
445.000, 50.000
435.999, 49.999
428.000, 50.019
227.000, 50.638
217.999, 49.999
209.021, 50.000
200.362, 50.000
191.547, 50.000
182.547, 50.000
680.000, 49.000
497.272, 49.000
489.000, 49.001
480.000, 49.000
471.000, 49.019
173.362, 49.000
164.019, 49.000
155.001, 49.001
699.000, 48.000
689.779, 48.779
533.000, 47.981
523.999, 47.999
515.000, 48.000
506.059, 48.078
146.000, 48.453
137.000, 48.000
127.999, 47.999
118.228, 47.959
718.800, 46.900
709.000, 47.000
551.001, 47.001
542.000, 47.000
109.001, 47.001
100.000, 47.000
577.999, 45.999
569.000, 46.000
560.000, 46.181
90.000, 46.021
80.500, 46.000
596.000, 45.000
587.001, 45.001
71.000, 45.801
61.000, 45.000
52.000, 45.000
614.019, 44.000
605.000, 44.019
42.000, 44.000
633.001, 43.001
623.272, 43.000
32.000, 43.199
22.000, 43.000
651.728, 42.000
642.000, 42.000
419.000, 41.981
410.000, 42.000
401.299, 42.000
393.000, 42.000
383.999, 41.999
375.272, 42.000
367.000, 42.000
357.999, 41.999
349.021, 42.000
341.000, 42.000
332.000, 42.000
323.181, 42.000
315.000, 42.000
305.999, 41.999
297.000, 42.000
288.981, 42.000
279.999, 41.999
271.000, 42.000
262.000, 42.000
253.019, 42.000
245.000, 42.000
235.999, 41.999
12.000, 42.000
2.000, 42.000
661.000, 41.000
462.181, 41.000
454.000, 41.000
445.000, 41.000
436.000, 41.000
427.453, 41.000
227.000, 41.638
218.000, 41.000
209.000, 41.000
200.000, 41.000
191.001, 41.001
680.024, 40.000
670.799, 40.400
497.638, 40.000
489.000, 40.000
479.999, 39.999
471.053, 40.447
182.000, 40.547
173.000, 40.000
163.999, 39.999
155.000, 40.000
690.000, 39.000
524.000, 39.000
515.001, 39.001
506.395, 39.047
146.000, 39.000
136.021, 39.000
127.000, 39.000
709.701, 38.000
700.000, 38.500
551.000, 38.000
541.999, 37.999
533.000, 38.019
118.000, 38.000
108.221, 38.000
99.000, 37.979
718.750, 37.000
569.001, 37.001
560.000, 37.000
89.001, 37.001
80.000, 37.000
587.000, 36.000
578.000, 36.019
70.045, 36.045
60.979, 36.000
605.019, 35.000
596.000, 35.272
51.000, 35.000
41.000, 35.000
623.980, 34.000
614.453, 34.181
31.000, 34.000
642.976, 33.000
633.000, 33.625
410.000, 33.000
401.181, 33.000
393.000, 33.001
384.000, 33.000
375.020, 33.000
367.001, 33.001
358.000, 33.000
349.001, 33.001
341.000, 33.031
332.000, 33.000
323.024, 33.024
314.819, 33.000
306.000, 33.000
297.001, 33.001
288.000, 33.000
279.981, 33.000
271.001, 33.001
262.000, 33.000
253.001, 33.001
244.000, 33.000
235.000, 32.981
21.000, 33.045
11.000, 33.000
661.638, 32.000
652.000, 32.000
453.999, 31.999
445.000, 32.000
436.024, 32.000
427.272, 32.000
419.000, 32.453
227.000, 32.000
217.999, 31.999
209.000, 32.000
199.999, 31.999
191.000, 32.000
1.000, 32.000
671.000, 31.000
489.000, 31.000
480.000, 31.000
471.001, 31.001
462.555, 31.555
182.000, 31.000
173.001, 31.001
163.362, 31.000
680.772, 30.041
515.019, 30.000
506.181, 30.000
497.941, 30.059
154.021, 30.021
145.000, 30.000
136.000, 30.000
700.000, 29.000
542.000, 29.000
533.001, 29.001
524.000, 29.638
127.000, 29.181
117.020, 29.000
108.000, 28.979
710.000, 28.000
569.000, 28.000
559.999, 27.999
551.000, 28.019
98.000, 28.000
89.000, 28.000
587.020, 27.000
578.000, 27.000
79.000, 27.000
69.819, 27.000
605.547, 26.000
597.000, 26.000
60.000, 26.000
50.000, 26.000
615.001, 25.001
40.000, 25.000
30.000, 25.000
634.000, 24.000
624.000, 24.819
401.000, 24.000
393.000, 24.000
384.000, 24.000
375.083, 24.000
367.000, 24.000
357.999, 23.999
349.000, 24.000
340.299, 24.000
331.999, 23.999
323.000, 24.000
314.021, 24.000
305.999, 23.999
297.000, 24.000
288.000, 24.000
279.000, 24.000
270.019, 24.000
261.999, 23.999
253.000, 24.000
244.000, 23.980
20.000, 24.000
652.019, 23.000
643.001, 23.001
454.000, 23.000
445.001, 23.001
436.000, 23.000
427.602, 23.000
419.000, 23.020
410.000, 23.500
235.000, 23.020
226.000, 23.000
217.000, 23.000
208.000, 23.000
199.001, 23.001
10.000, 23.000
662.000, 22.000
489.000, 22.000
479.999, 21.999
471.249, 22.000
462.362, 22.000
189.999, 21.999
181.000, 22.000
171.999, 21.999
0.429, 22.381
681.000, 21.000
671.628, 21.605
515.181, 21.000
506.701, 21.000
498.000, 21.000
163.000, 21.271
154.000, 21.000
144.976, 21.000
690.979, 20.000
533.000, 20.000
524.019, 20.000
135.392, 20.429
126.000, 20.000
117.000, 20.000
700.779, 19.000
560.000, 19.000
551.000, 19.000
542.000, 19.453
107.001, 19.001
98.000, 19.000
710.699, 18.301
578.453, 18.000
569.110, 18.083
88.000, 18.000
78.779, 18.000
596.819, 17.000
587.181, 17.000
69.000, 17.021
59.000, 17.000
615.000, 16.000
605.999, 15.999
49.000, 16.000
39.485, 15.940
624.181, 15.000
392.728, 15.000
384.000, 15.000
375.001, 15.001
366.019, 15.000
358.000, 15.000
349.000, 15.000
340.000, 15.000
332.000, 15.000
323.001, 15.001
314.000, 15.000
305.001, 15.000
297.001, 15.001
288.000, 15.000
279.001, 15.001
270.000, 15.000
261.001, 15.001
29.221, 15.000
643.000, 14.000
634.000, 14.801
445.000, 13.979
436.000, 14.000
427.362, 14.000
419.000, 14.000
409.999, 13.999
401.041, 14.249
252.225, 14.038
244.000, 14.000
235.000, 14.000
225.999, 13.999
217.000, 14.000
208.000, 13.980
19.000, 14.000
652.819, 13.000
480.000, 13.000
471.021, 13.000
462.453, 13.000
454.000, 13.019
199.001, 13.000
190.000, 13.000
181.000, 13.000
9.000, 13.000
0.250, 13.000
671.999, 11.999
662.000, 12.272
507.000, 12.000
498.000, 12.000
489.000, 12.000
172.000, 12.181
162.272, 12.000
153.000, 12.000
681.728, 11.000
533.299, 11.000
524.751, 11.000
515.271, 11.000
144.000, 11.500
135.000, 11.000
125.019, 11.000
691.019, 10.000
551.272, 10.000
542.555, 10.000
116.000, 10.000
106.400, 10.000
711.001, 9.001
701.000, 9.668
569.271, 9.000
560.225, 9.038
97.000, 9.045
87.362, 9.000
587.999, 7.999
578.587, 8.038
78.000, 8.000
68.000, 8.000
606.000, 7.000
597.001, 7.001
58.000, 7.000
48.917, 7.000
625.000, 6.000
615.745, 6.046
375.000, 5.979
366.000, 6.000
357.999, 5.999
349.000, 6.000
340.000, 6.000
331.000, 6.000
323.000, 6.000
314.000, 6.000
305.000, 6.000
295.999, 5.999
287.453, 6.000
38.961, 6.000
634.000, 5.000
436.000, 4.981
427.181, 5.000
419.000, 5.000
410.000, 5.000
401.039, 5.039
392.563, 5.042
384.000, 5.362
279.000, 5.728
270.000, 5.181
261.001, 5.001
252.000, 5.000
243.000, 5.001
234.000, 5.000
225.019, 5.000
28.515, 5.060
643.728, 4.181
471.199, 4.000
462.547, 4.000
453.999, 3.999
445.000, 4.000
216.019, 4.019
207.021, 4.000
197.999, 3.999
189.000, 4.000
18.250, 4.499
8.000, 4.000
662.819, 3.000
653.000, 3.728
498.000, 3.000
489.001, 3.001
480.000, 3.000
180.000, 3.000
171.001, 3.001
162.000, 3.000
672.500, 2.000
524.728, 2.000
516.000, 2.000
507.000, 2.299
153.000, 2.181
143.181, 2.000
711.968, 0.258
701.950, 0.350
692.000, 1.000
682.000, 1.332
607.000, 0.250
597.000, 0.250
588.000, 0.438
579.000, 0.250
570.000, 0.411
560.547, 0.500
551.451, 0.532
542.701, 1.000
533.272, 1.000
134.000, 1.547
125.000, 1.000
115.021, 1.000
106.000, 0.481
96.000, 0.475
87.000, 0.438
77.000, 0.250
68.000, 0.250
