(368.157, 296.683):(0, 0)
(368.111, 279.138):(0, -1)
(385.917, 296.581):(1, 0)
(368.394, 314.444):(0, 1)
(350.537, 296.978):(-1, 0)
(367.871, 261.512):(0, -2)
(385.708, 278.985):(1, -1)
(350.415, 279.372):(-1, -1)
(403.512, 296.482):(2, 0)
(386.174, 314.358):(1, 1)
(368.53, 332.049):(0, 2)
(350.672, 314.578):(-1, 1)
(332.85, 297.189):(-2, 0)
(367.721, 243.695):(0, -3)
(385.697, 261.164):(1, -2)
(350.288, 261.563):(-1, -2)
(403.398, 278.852):(2, -1)
(332.615, 279.434):(-2, -1)
(421.192, 296.392):(3, 0)
(403.599, 314.061):(2, 1)
(386.159, 331.996):(1, 2)
(368.638, 349.779):(0, 3)
(350.819, 332.288):(-1, 2)
(333.027, 314.738):(-2, 1)
(315.193, 297.285):(-3, 0)
(367.638, 226.115):(0, -4)
(385.419, 243.593):(1, -3)
(350.1, 243.92):(-1, -3)
(403.225, 261.212):(2, -2)
(332.577, 261.678):(-2, -2)
(421.014, 278.587):(3, -1)
(315.02, 279.583):(-3, -1)
(438.784, 296.227):(4, 0)
(421.325, 314.008):(3, 1)
(403.843, 331.769):(2, 2)
(386.354, 349.612):(1, 3)
(368.794, 367.439):(0, 4)
(350.952, 349.934):(-1, 3)
(333.124, 332.48):(-2, 2)
(315.331, 314.855):(-3, 1)
(297.494, 297.422):(-4, 0)
(367.425, 208.502):(0, -5)
(385.247, 226.012):(1, -4)
(349.909, 226.319):(-1, -4)
(403.015, 243.443):(2, -3)
(332.417, 244.06):(-2, -3)
(420.889, 261.003):(3, -2)
(314.862, 261.841):(-3, -2)
(438.576, 278.532):(4, -1)
(297.347, 279.674):(-4, -1)
(456.443, 296.059):(5, 0)
(438.959, 313.849):(4, 1)
(421.534, 331.594):(3, 2)
(403.948, 349.503):(2, 3)
(386.439, 367.352):(1, 4)
(368.897, 385.037):(0, 5)
(351.106, 367.565):(-1, 4)
(333.317, 350.134):(-2, 3)
(315.498, 332.556):(-3, 2)
(297.659, 315.108):(-4, 1)
(279.903, 297.496):(-5, 0)
(367.225, 190.839):(0, -6)
(385.038, 208.422):(1, -5)
(349.741, 208.631):(-1, -5)
(402.857, 225.818):(2, -4)
(332.29, 226.373):(-2, -4)
(420.671, 243.423):(3, -3)
(314.792, 244.141):(-3, -3)
(438.467, 260.844):(4, -2)
(297.228, 262.113):(-4, -2)
(456.225, 278.441):(5, -1)
(279.631, 279.838):(-5, -1)
(473.942, 295.838):(6, 0)
(456.546, 313.693):(5, 1)
(439.114, 331.479):(4, 2)
(421.656, 349.43):(3, 3)
(404.066, 367.14):(2, 4)
(386.525, 384.85):(1, 5)
(369.056, 402.594):(0, 6)
(351.27, 385.136):(-1, 5)
(333.494, 367.703):(-2, 4)
(315.619, 350.153):(-3, 3)
(297.858, 332.649):(-4, 2)
(280.02, 315.263):(-5, 1)
(262.235, 297.605):(-6, 0)
(367.058, 173.275):(0, -7)
(384.839, 190.654):(1, -6)
(349.698, 191.052):(-1, -6)
(402.576, 208.294):(2, -5)
(332.099, 208.726):(-2, -5)
(420.526, 225.686):(3, -4)
(314.612, 226.612):(-3, -4)
(438.211, 243.329):(4, -3)
(297.093, 244.368):(-4, -3)
(456.127, 260.717):(5, -2)
(279.575, 262.193):(-5, -2)
(473.726, 278.297):(6, -1)
(262.274, 279.975):(-6, -1)
(491.475, 295.635):(7, 0)
(473.943, 313.491):(6, 1)
(456.672, 331.414):(5, 2)
(439.281, 349.261):(4, 3)
(421.694, 366.935):(3, 4)
(404.229, 384.668):(2, 5)
(386.729, 402.335):(1, 6)
(369.178, 420.303):(0, 7)
(351.403, 402.745):(-1, 6)
(333.6, 385.303):(-2, 5)
(315.8, 367.784):(-3, 4)
(297.967, 350.298):(-4, 3)
(280.193, 332.815):(-5, 2)
(262.423, 315.324):(-6, 1)
(244.549, 297.737):(-7, 0)
(366.843, 155.634):(0, -8)
(384.749, 173.091):(1, -7)
(349.387, 173.502):(-1, -7)
(402.521, 190.57):(2, -6)
(331.951, 191.124):(-2, -6)
(420.317, 208.026):(3, -5)
(314.432, 208.981):(-3, -5)
(437.963, 225.639):(4, -4)
(297.021, 226.72):(-4, -4)
(455.962, 243.039):(5, -3)
(279.436, 244.522):(-5, -3)
(473.532, 260.601):(6, -2)
(261.963, 262.38):(-6, -2)
(491.301, 278.06):(7, -1)
(244.441, 280.205):(-7, -1)
(508.91, 295.456):(8, 0)
(491.54, 313.293):(7, 1)
(474.172, 331.183):(6, 2)
(456.709, 348.926):(5, 3)
(439.23, 366.65):(4, 4)
(421.772, 384.5):(3, 5)
(404.273, 402.311):(2, 6)
(386.677, 420.039):(1, 7)
(369.274, 437.577):(0, 8)
(351.458, 420.309):(-1, 7)
(333.695, 402.892):(-2, 6)
(315.917, 385.353):(-3, 5)
(298.132, 367.93):(-4, 4)
(280.324, 350.474):(-5, 3)
(262.54, 332.967):(-6, 2)
(244.691, 315.427):(-7, 1)
(227.044, 297.842):(-8, 0)
(366.644, 138.213):(0, -9)
(384.488, 155.568):(1, -8)
(349.242, 155.93):(-1, -8)
(402.23, 173.057):(2, -7)
(331.871, 173.429):(-2, -7)
(420.078, 190.473):(3, -6)
(314.33, 191.363):(-3, -6)
(437.822, 207.936):(4, -5)
(296.776, 209.137):(-4, -5)
(455.758, 225.307):(5, -4)
(279.336, 226.83):(-5, -4)
(473.387, 242.828):(6, -3)
(261.871, 244.711):(-6, -3)
(491.107, 260.457):(7, -2)
(244.397, 262.476):(-7, -2)
(508.724, 277.84):(8, -1)
(226.835, 280.331):(-8, -1)
(526.295, 295.321):(9, 0)
(509.047, 313.054):(8, 1)
(491.591, 330.773):(7, 2)
(474.258, 348.616):(6, 3)
(456.83, 366.461):(5, 4)
(439.396, 384.332):(4, 5)
(421.859, 402.117):(3, 6)
(404.353, 419.478):(2, 7)
(386.811, 437.502):(1, 8)
(369.322, 455.16):(0, 9)
(351.574, 437.87):(-1, 8)
(333.854, 420.469):(-2, 7)
(316.003, 403.069):(-3, 6)
(298.245, 385.558):(-4, 5)
(280.459, 368.124):(-5, 4)
(262.628, 350.566):(-6, 3)
(244.836, 333.081):(-7, 2)
(227.238, 315.577):(-8, 1)
(209.527, 297.997):(-9, 0)
(366.39, 120.804):(0, -10)
(384.298, 138.044):(1, -9)
(349.078, 138.296):(-1, -9)
(402.089, 155.391):(2, -8)
(331.544, 156.013):(-2, -8)
(419.889, 172.825):(3, -7)
(314.105, 173.666):(-3, -7)
(437.722, 190.342):(4, -6)
(296.694, 191.431):(-4, -6)
(455.483, 207.758):(5, -5)
(279.18, 209.348):(-5, -5)
(473.179, 225.359):(6, -4)
(261.643, 227.047):(-6, -4)
(490.825, 242.774):(7, -3)
(244.136, 244.752):(-7, -3)
(508.566, 260.341):(8, -2)
(226.741, 262.556):(-8, -2)
(526.099, 277.698):(9, -1)
(209.298, 280.399):(-9, -1)
(543.614, 295.033):(10, 0)
(526.408, 312.855):(9, 1)
(509.119, 330.566):(8, 2)
(491.753, 348.5):(7, 3)
(474.368, 366.33):(6, 4)
(456.884, 384.092):(5, 5)
(439.463, 401.857):(4, 6)
(421.968, 419.578):(3, 7)
(404.429, 437.336):(2, 8)
(386.916, 454.836):(1, 9)
(369.365, 472.55):(0, 10)
(351.674, 455.334):(-1, 9)
(333.947, 437.919):(-2, 8)
(316.222, 420.573):(-3, 7)
(298.468, 403.231):(-4, 6)
(280.583, 385.689):(-5, 5)
(262.838, 368.172):(-6, 4)
(245.07, 350.599):(-7, 3)
(227.347, 333.176):(-8, 2)
(209.635, 315.634):(-9, 1)
(191.896, 298.202):(-10, 0)
(366.26, 103.328):(0, -11)
(384.02, 120.591):(1, -10)
(348.838, 120.833):(-1, -10)
(401.873, 138.074):(2, -9)
(331.435, 138.352):(-2, -9)
(419.539, 155.446):(3, -8)
(314.013, 156.093):(-3, -8)
(437.483, 172.644):(4, -7)
(296.55, 173.864):(-4, -7)
(455.247, 190.173):(5, -6)
(279.006, 191.653):(-5, -6)
(473.018, 207.683):(6, -5)
(261.628, 209.333):(-6, -5)
(490.576, 225.106):(7, -4)
(244.049, 227.245):(-7, -4)
(508.351, 242.666):(8, -3)
(226.701, 244.958):(-8, -3)
(525.939, 260.032):(9, -2)
(209.239, 262.7):(-9, -2)
(543.449, 277.541):(10, -1)
(191.772, 280.456):(-10, -1)
(560.874, 294.896):(11, 0)
(543.703, 312.628):(10, 1)
(526.49, 330.41):(9, 2)
(509.256, 348.312):(8, 3)
(491.801, 366.076):(7, 4)
(474.415, 383.758):(6, 5)
(456.974, 401.634):(5, 6)
(439.503, 419.428):(4, 7)
(421.998, 436.999):(3, 8)
(404.417, 454.65):(2, 9)
(386.967, 472.32):(1, 10)
(369.448, 489.802):(0, 11)
(351.743, 472.619):(-1, 10)
(334.093, 455.378):(-2, 9)
(316.312, 438.05):(-3, 8)
(298.563, 420.656):(-4, 7)
(280.758, 403.242):(-5, 6)
(263.01, 385.689):(-6, 5)
(245.231, 368.265):(-7, 4)
(227.491, 350.683):(-8, 3)
(209.828, 333.274):(-9, 2)
(192.111, 315.585):(-10, 1)
(174.544, 298.151):(-11, 0)
(366.065, 85.851):(0, -12)
(383.803, 103.097):(1, -11)
(348.676, 103.397):(-1, -11)
(401.846, 120.613):(2, -10)
(331.319, 121.016):(-2, -10)
(419.467, 137.781):(3, -9)
(313.804, 138.625):(-3, -9)
(437.245, 155.259):(4, -8)
(296.392, 156.368):(-4, -8)
(455.014, 172.657):(5, -7)
(278.81, 174.056):(-5, -7)
(472.835, 190.059):(6, -6)
(261.379, 191.759):(-6, -6)
(490.448, 207.522):(7, -5)
(243.898, 209.536):(-7, -5)
(508.138, 225.023):(8, -4)
(226.514, 227.388):(-8, -4)
(525.708, 242.524):(9, -3)
(209.134, 245.201):(-9, -3)
(543.291, 259.955):(10, -2)
(191.618, 262.832):(-10, -2)
(560.718, 277.372):(11, -1)
(174.437, 280.536):(-11, -1)
(578.034, 294.657):(12, 0)
(560.967, 312.45):(11, 1)
(543.838, 330.199):(10, 2)
(526.586, 348.067):(9, 3)
(509.29, 365.802):(8, 4)
(491.897, 383.546):(7, 5)
(474.497, 401.438):(6, 6)
(457.082, 419.225):(5, 7)
(439.565, 436.822):(4, 8)
(422.032, 454.526):(3, 9)
(404.496, 472.066):(2, 10)
(386.984, 489.581):(1, 11)
(369.492, 507.046):(0, 12)
(351.883, 489.914):(-1, 11)
(334.341, 472.499):(-2, 10)
(316.549, 455.436):(-3, 9)
(298.746, 438.143):(-4, 8)
(280.976, 420.691):(-5, 7)
(263.225, 403.27):(-6, 6)
(245.554, 385.748):(-7, 5)
(227.696, 368.36):(-8, 4)
(209.951, 350.813):(-9, 3)
(192.233, 333.36):(-10, 2)
(174.713, 315.723):(-11, 1)
(157.178, 298.327):(-12, 0)
(365.877, 68.521):(0, -13)
(383.563, 85.75):(1, -12)
(348.558, 85.978):(-1, -12)
(401.389, 102.911):(2, -11)
(331.077, 103.6):(-2, -11)
(419.222, 120.4):(3, -10)
(313.604, 121.269):(-3, -10)
(436.971, 137.659):(4, -9)
(296.272, 138.887):(-4, -9)
(454.825, 155.014):(5, -8)
(278.781, 156.427):(-5, -8)
(472.507, 172.542):(6, -7)
(261.317, 174.217):(-6, -7)
(490.2, 189.88):(7, -6)
(243.789, 191.975):(-7, -6)
(507.924, 207.468):(8, -5)
(226.448, 209.974):(-8, -5)
(525.504, 224.937):(9, -4)
(208.989, 227.49):(-9, -4)
(543.074, 242.405):(10, -3)
(191.51, 245.364):(-10, -3)
(560.542, 259.739):(11, -2)
(174.317, 263.005):(-11, -2)
(577.86, 277.193):(12, -1)
(157.019, 280.599):(-12, -1)
(595.11, 294.463):(13, 0)
(578.13, 312.281):(12, 1)
(561.032, 329.946):(11, 2)
(543.89, 347.738):(10, 3)
(526.652, 365.582):(9, 4)
(509.067, 383.487):(8, 5)
(492.0, 401.151):(7, 6)
(474.52, 418.866):(6, 7)
(457.048, 436.569):(5, 8)
(439.56, 454.212):(4, 9)
(422.058, 471.9):(3, 10)
(404.489, 489.408):(2, 11)
(387.008, 506.686):(1, 12)
(369.604, 524.131):(0, 13)
(351.939, 507.172):(-1, 12)
(334.333, 490.102):(-2, 11)
(316.65, 472.835):(-3, 10)
(298.848, 455.569):(-4, 9)
(281.291, 438.125):(-5, 8)
(263.336, 420.847):(-6, 7)
(245.605, 403.455):(-7, 6)
(227.887, 385.866):(-8, 5)
(210.183, 368.374):(-9, 4)
(192.452, 350.847):(-10, 3)
(174.882, 333.371):(-11, 2)
(157.557, 315.791):(-12, 1)
(140.074, 298.446):(-13, 0)
(365.605, 51.23):(0, -14)
(383.383, 68.371):(1, -13)
(348.291, 68.693):(-1, -13)
(401.1, 85.616):(2, -12)
(330.91, 86.144):(-2, -12)
(418.913, 102.926):(3, -11)
(313.519, 103.649):(-3, -11)
(436.617, 120.357):(4, -10)
(296.119, 121.32):(-4, -10)
(454.54, 137.743):(5, -9)
(278.618, 139.034):(-5, -9)
(472.22, 154.963):(6, -8)
(261.238, 156.655):(-6, -8)
(489.963, 172.516):(7, -7)
(243.872, 174.391):(-7, -7)
(507.647, 189.762):(8, -6)
(226.322, 192.147):(-8, -6)
(525.268, 207.418):(9, -5)
(208.948, 209.971):(-9, -5)
(542.858, 224.718):(10, -4)
(191.497, 227.636):(-10, -4)
(559.975, 242.144):(11, -3)
(174.176, 245.46):(-11, -3)
(577.673, 259.606):(12, -2)
(156.696, 263.138):(-12, -2)
(595.102, 277.025):(13, -1)
(139.609, 280.717):(-13, -1)
(612.177, 294.27):(14, 0)
(595.362, 312.014):(13, 1)
(578.295, 329.782):(12, 2)
(561.115, 347.506):(11, 3)
(544.005, 365.237):(10, 4)
(526.527, 383.064):(9, 5)
(509.352, 400.839):(8, 6)
(491.887, 418.46):(7, 7)
(474.51, 436.318):(6, 8)
(457.091, 454.004):(5, 9)
(439.537, 471.56):(4, 10)
(422.111, 489.094):(3, 11)
(404.562, 506.672):(2, 12)
(387.096, 523.912):(1, 13)
(369.667, 539.0):(0, 14)
(352.046, 524.393):(-1, 13)
(334.462, 507.305):(-2, 12)
(316.735, 490.206):(-3, 11)
(299.001, 472.947):(-4, 10)
(281.371, 455.603):(-5, 9)
(263.502, 438.272):(-6, 8)
(245.744, 420.855):(-7, 7)
(228.079, 403.398):(-8, 6)
(210.449, 385.85):(-9, 5)
(192.613, 368.368):(-10, 4)
(175.393, 350.903):(-11, 3)
(157.744, 333.48):(-12, 2)
(139.869, 315.875):(-13, 1)
(122.575, 298.468):(-14, 0)
(365.372, 33.972):(0, -15)
(383.154, 51.126):(1, -14)
(348.145, 51.361):(-1, -14)
(400.886, 68.284):(2, -13)
(330.77, 68.831):(-2, -13)
(418.697, 85.573):(3, -12)
(313.333, 86.384):(-3, -12)
(436.394, 102.773):(4, -11)
(295.931, 103.883):(-4, -11)
(454.233, 120.129):(5, -10)
(278.502, 121.506):(-5, -10)
(471.942, 137.485):(6, -9)
(261.116, 139.163):(-6, -9)
(489.589, 154.894):(7, -8)
(243.571, 156.849):(-7, -8)
(507.352, 172.359):(8, -7)
(226.191, 174.562):(-8, -7)
(525.009, 189.703):(9, -6)
(208.752, 192.409):(-9, -6)
(542.619, 207.318):(10, -5)
(191.363, 210.102):(-10, -5)
(560.048, 224.635):(11, -4)
(174.014, 227.853):(-11, -4)
(577.481, 242.08):(12, -3)
(156.689, 245.581):(-12, -3)
(594.874, 259.461):(13, -2)
(139.553, 263.322):(-13, -2)
(611.972, 276.761):(14, -1)
(122.592, 280.943):(-14, -1)
(629.118, 294.032):(15, 0)
(612.292, 311.744):(14, 1)
(595.405, 329.487):(13, 2)
(578.396, 347.159):(12, 3)
(561.252, 365.025):(11, 4)
(543.944, 382.788):(10, 5)
(526.693, 400.587):(9, 6)
(509.388, 418.264):(8, 7)
(491.944, 436.042):(7, 8)
(474.519, 453.773):(6, 9)
(457.093, 471.274):(5, 10)
(439.527, 488.894):(4, 11)
(422.061, 506.449):(3, 12)
(404.579, 523.739):(2, 13)
(387.26, 539.0):(1, 14)
(352.434, 539.0):(-1, 14)
(334.521, 524.521):(-2, 13)
(316.973, 507.221):(-3, 12)
(299.156, 490.292):(-4, 11)
(281.482, 472.923):(-5, 10)
(263.785, 455.556):(-6, 9)
(245.96, 438.322):(-7, 8)
(228.718, 420.679):(-8, 7)
(210.53, 403.468):(-9, 6)
(192.77, 386.028):(-10, 5)
(175.561, 368.376):(-11, 4)
(157.684, 350.91):(-12, 3)
(140.255, 333.404):(-13, 2)
(122.955, 316.0):(-14, 1)
(105.464, 298.527):(-15, 0)
(365.228, 16.948):(0, -16)
(382.834, 33.917):(1, -15)
(347.943, 34.213):(-1, -15)
(400.583, 51.02):(2, -14)
(330.498, 51.61):(-2, -14)
(418.308, 68.18):(3, -13)
(313.222, 68.892):(-3, -13)
(436.17, 85.417):(4, -12)
(295.837, 86.514):(-4, -12)
(453.92, 102.827):(5, -11)
(278.42, 104.123):(-5, -11)
(471.65, 120.066):(6, -10)
(260.981, 121.709):(-6, -10)
(489.436, 137.446):(7, -9)
(243.518, 139.449):(-7, -9)
(507.117, 154.763):(8, -8)
(226.18, 157.058):(-8, -8)
(524.698, 172.302):(9, -7)
(208.629, 174.786):(-9, -7)
(542.335, 189.762):(10, -6)
(191.283, 192.54):(-10, -6)
(559.822, 207.254):(11, -5)
(174.007, 210.285):(-11, -5)
(577.282, 224.513):(12, -4)
(156.658, 228.027):(-12, -4)
(594.577, 241.825):(13, -3)
(139.579, 245.589):(-13, -3)
(611.817, 259.364):(14, -2)
(122.554, 263.468):(-14, -2)
(628.991, 276.545):(15, -1)
(105.259, 281.061):(-15, -1)
(645.926, 293.87):(16, 0)
(629.227, 311.514):(15, 1)
(612.306, 329.303):(14, 2)
(595.477, 346.951):(13, 3)
(578.378, 364.773):(12, 4)
(561.219, 382.491):(11, 5)
(544.015, 400.252):(10, 6)
(526.676, 417.943):(9, 7)
(509.328, 435.754):(8, 8)
(491.942, 453.51):(7, 9)
(474.537, 471.033):(6, 10)
(456.98, 488.554):(5, 11)
(439.529, 506.125):(4, 12)
(422.079, 523.586):(3, 13)
(404.764, 539.0):(2, 14)
(317.1, 524.388):(-3, 13)
(299.458, 507.216):(-4, 12)
(281.768, 490.209):(-5, 11)
(264.047, 472.974):(-6, 10)
(246.117, 455.701):(-7, 9)
(228.543, 438.349):(-8, 8)
(210.731, 420.914):(-9, 7)
(192.962, 403.465):(-10, 6)
(175.519, 385.997):(-11, 5)
(157.815, 368.477):(-12, 4)
(140.496, 350.935):(-13, 3)
(122.931, 333.494):(-14, 2)
(105.567, 316.006):(-15, 1)
(88.17, 298.58):(-16, 0)
(364.99, 0.464):(0, -17)
(382.548, 16.698):(1, -16)
(347.794, 17.161):(-1, -16)
(400.313, 33.887):(2, -15)
(330.466, 34.436):(-2, -15)
(418.105, 50.975):(3, -14)
(313.077, 51.645):(-3, -14)
(435.771, 68.1):(4, -13)
(295.677, 69.123):(-4, -13)
(453.56, 85.378):(5, -12)
(278.293, 86.75):(-5, -12)
(471.4, 102.613):(6, -11)
(260.914, 104.245):(-6, -11)
(489.128, 120.05):(7, -10)
(243.49, 121.889):(-7, -10)
(506.812, 137.444):(8, -9)
(226.099, 139.632):(-8, -9)
(524.438, 154.691):(9, -8)
(208.528, 157.404):(-9, -8)
(542.076, 172.166):(10, -7)
(191.249, 175.012):(-10, -7)
(559.548, 189.56):(11, -6)
(173.827, 192.643):(-11, -6)
(577.015, 207.046):(12, -5)
(156.679, 210.555):(-12, -5)
(594.374, 224.397):(13, -4)
(139.445, 228.284):(-13, -4)
(611.578, 241.733):(14, -3)
(122.607, 245.989):(-14, -3)
(628.807, 259.152):(15, -2)
(105.11, 263.55):(-15, -2)
(645.785, 276.407):(16, -1)
(88.562, 281.142):(-16, -1)
(662.638, 293.621):(17, 0)
(645.967, 311.387):(16, 1)
(629.314, 328.98):(15, 2)
(612.299, 346.561):(14, 3)
(595.417, 364.434):(13, 4)
(578.381, 382.185):(12, 5)
(561.214, 399.984):(11, 6)
(543.895, 417.649):(10, 7)
(526.638, 435.401):(9, 8)
(509.295, 453.097):(8, 9)
(491.897, 470.745):(7, 10)
(474.407, 488.246):(6, 11)
(456.811, 505.786):(5, 12)
(439.486, 523.164):(4, 13)
(422.205, 538.911):(3, 14)
(299.499, 524.71):(-4, 13)
(281.835, 507.59):(-5, 12)
(264.192, 490.338):(-6, 11)
(246.389, 473.047):(-7, 10)
(228.742, 455.693):(-8, 9)
(210.993, 438.318):(-9, 8)
(193.344, 420.8):(-10, 7)
(175.771, 403.445):(-11, 6)
(158.157, 385.911):(-12, 5)
(140.692, 368.485):(-13, 4)
(123.396, 350.851):(-14, 3)
(105.617, 333.58):(-15, 2)
(88.429, 315.99):(-16, 1)
(71.493, 298.588):(-17, 0)
(382.437, 0.43):(1, -17)
(347.547, 0.655):(-1, -17)
(400.007, 16.709):(2, -16)
(330.306, 17.309):(-2, -16)
(417.747, 33.676):(3, -15)
(312.955, 34.572):(-3, -15)
(435.492, 50.933):(4, -14)
(295.625, 51.908):(-4, -14)
(453.229, 68.01):(5, -13)
(278.275, 69.424):(-5, -13)
(471.063, 85.313):(6, -12)
(260.894, 86.946):(-6, -12)
(488.729, 102.612):(7, -11)
(243.401, 104.538):(-7, -11)
(506.454, 120.106):(8, -10)
(225.971, 122.109):(-8, -10)
(524.085, 137.313):(9, -9)
(208.653, 139.877):(-9, -9)
(541.729, 154.634):(10, -8)
(191.097, 157.529):(-10, -8)
(559.263, 172.165):(11, -7)
(173.854, 175.295):(-11, -7)
(576.706, 189.485):(12, -6)
(156.512, 192.854):(-12, -6)
(594.017, 206.927):(13, -5)
(139.224, 210.582):(-13, -5)
(611.401, 224.245):(14, -4)
(122.253, 228.411):(-14, -4)
(628.356, 241.596):(15, -3)
(105.083, 246.085):(-15, -3)
(645.599, 259.023):(16, -2)
(88.199, 263.613):(-16, -2)
(662.57, 276.16):(17, -1)
(71.147, 281.353):(-17, -1)
(679.258, 293.371):(18, 0)
(662.845, 311.016):(17, 1)
(646.027, 328.721):(16, 2)
(629.273, 346.381):(15, 3)
(612.336, 364.039):(14, 4)
(595.493, 381.919):(13, 5)
(578.382, 399.603):(12, 6)
(561.215, 417.243):(11, 7)
(543.937, 435.017):(10, 8)
(526.425, 452.701):(9, 9)
(509.259, 470.453):(8, 10)
(491.797, 487.908):(7, 11)
(474.339, 505.323):(6, 12)
(456.923, 522.943):(5, 13)
(439.448, 538.842):(4, 14)
(282.183, 524.525):(-5, 13)
(264.34, 507.537):(-6, 12)
(246.593, 490.376):(-7, 11)
(228.89, 473.019):(-8, 10)
(211.646, 455.515):(-9, 9)
(193.49, 438.316):(-10, 8)
(176.001, 420.73):(-11, 7)
(158.446, 403.416):(-12, 6)
(140.971, 385.823):(-13, 5)
(123.287, 368.52):(-14, 4)
(106.353, 350.975):(-15, 3)
(88.517, 333.587):(-16, 2)
(71.659, 316.079):(-17, 1)
(54.681, 298.645):(-18, 0)
(399.859, 0.434):(2, -17)
(330.173, 0.583):(-2, -17)
(417.496, 16.631):(3, -16)
(312.781, 17.496):(-3, -16)
(435.199, 33.787):(4, -15)
(295.458, 34.729):(-4, -15)
(452.916, 50.711):(5, -14)
(278.155, 52.105):(-5, -14)
(470.662, 68.031):(6, -13)
(260.666, 69.577):(-6, -13)
(488.42, 85.323):(7, -12)
(243.433, 87.154):(-7, -12)
(506.102, 102.583):(8, -11)
(225.845, 104.699):(-8, -11)
(523.725, 119.803):(9, -10)
(208.519, 122.434):(-9, -10)
(541.371, 137.369):(10, -9)
(191.205, 140.159):(-10, -9)
(558.92, 154.609):(11, -8)
(173.78, 157.721):(-11, -8)
(576.457, 172.04):(12, -7)
(156.484, 175.495):(-12, -7)
(593.754, 189.478):(13, -6)
(139.433, 193.226):(-13, -6)
(611.182, 206.835):(14, -5)
(122.034, 210.815):(-14, -5)
(628.351, 224.166):(15, -4)
(105.129, 228.516):(-15, -4)
(645.147, 241.37):(16, -3)
(87.941, 246.267):(-16, -3)
(662.233, 258.763):(17, -2)
(71.307, 263.763):(-17, -2)
(679.186, 275.995):(18, -1)
(54.68, 281.363):(-18, -1)
(695.649, 293.115):(19, 0)
(679.307, 310.762):(18, 1)
(662.729, 328.441):(17, 2)
(646.259, 346.074):(16, 3)
(629.277, 363.725):(15, 4)
(612.506, 381.469):(14, 5)
(595.119, 399.349):(13, 6)
(578.309, 416.959):(12, 7)
(561.133, 434.726):(11, 8)
(543.713, 452.398):(10, 9)
(526.485, 470.027):(9, 10)
(509.193, 487.673):(8, 11)
(491.66, 504.955):(7, 12)
(474.374, 522.7):(6, 13)
(456.985, 538.622):(5, 14)
(264.522, 524.798):(-6, 13)
(246.807, 507.625):(-7, 12)
(229.26, 490.295):(-8, 11)
(211.539, 472.986):(-9, 10)
(193.816, 455.56):(-10, 9)
(176.283, 438.306):(-11, 8)
(158.509, 420.86):(-12, 7)
(141.263, 403.431):(-13, 6)
(123.437, 385.925):(-14, 5)
(106.12, 368.487):(-15, 4)
(89.308, 350.941):(-16, 3)
(72.055, 333.645):(-17, 2)
(54.648, 316.189):(-18, 1)
(37.983, 298.653):(-19, 0)
(417.22, 0.417):(3, -17)
(312.743, 0.772):(-3, -17)
(434.774, 16.593):(4, -16)
(295.356, 17.689):(-4, -16)
(452.619, 33.785):(5, -15)
(278.033, 34.962):(-5, -15)
(470.318, 50.87):(6, -14)
(260.634, 52.405):(-6, -14)
(487.96, 68.058):(7, -13)
(243.223, 69.827):(-7, -13)
(505.754, 85.335):(8, -12)
(225.86, 87.373):(-8, -12)
(523.297, 102.567):(9, -11)
(208.475, 104.958):(-9, -11)
(541.01, 119.84):(10, -10)
(191.089, 122.604):(-10, -10)
(558.543, 137.315):(11, -9)
(173.773, 140.339):(-11, -9)
(576.002, 154.576):(12, -8)
(156.488, 158.007):(-12, -8)
(593.426, 172.115):(13, -7)
(139.235, 175.666):(-13, -7)
(610.777, 189.473):(14, -6)
(122.068, 193.456):(-14, -6)
(627.876, 206.6):(15, -5)
(105.232, 211.07):(-15, -5)
(645.141, 224.024):(16, -4)
(87.742, 228.71):(-16, -4)
(662.168, 241.307):(17, -3)
(71.182, 246.449):(-17, -3)
(679.026, 258.562):(18, -2)
(54.083, 263.925):(-18, -2)
(695.69, 275.864):(19, -1)
(37.374, 281.531):(-19, -1)
(712.152, 292.888):(20, 0)
(695.924, 310.425):(19, 1)
(679.539, 328.092):(18, 2)
(662.873, 345.762):(17, 3)
(646.238, 363.273):(16, 4)
(629.311, 381.071):(15, 5)
(612.427, 398.934):(14, 6)
(595.382, 416.63):(13, 7)
(578.16, 434.207):(12, 8)
(560.95, 451.998):(11, 9)
(543.676, 469.739):(10, 10)
(526.389, 487.202):(9, 11)
(508.988, 504.835):(8, 12)
(491.63, 522.31):(7, 13)
(474.292, 538.478):(6, 14)
(247.347, 524.533):(-7, 13)
(229.58, 507.38):(-8, 12)
(211.953, 490.127):(-9, 11)
(194.323, 472.794):(-10, 10)
(176.81, 455.387):(-11, 9)
(158.961, 438.19):(-12, 8)
(141.641, 420.607):(-13, 7)
(124.264, 403.282):(-14, 6)
(106.984, 385.447):(-15, 5)
(89.245, 368.416):(-16, 4)
(71.869, 350.957):(-17, 3)
(54.849, 333.498):(-18, 2)
(37.813, 316.222):(-19, 1)
(20.952, 298.727):(-20, 0)
(434.561, 0.445):(4, -17)
(295.257, 0.914):(-4, -17)
(452.232, 16.679):(5, -16)
(277.957, 18.045):(-5, -16)
(469.891, 33.611):(6, -15)
(260.615, 35.189):(-6, -15)
(487.608, 50.824):(7, -14)
(243.125, 52.585):(-7, -14)
(505.34, 68.029):(8, -13)
(225.911, 70.123):(-8, -13)
(523.015, 85.367):(9, -12)
(208.452, 87.661):(-9, -12)
(540.568, 102.607):(10, -11)
(191.031, 105.34):(-10, -11)
(558.142, 119.828):(11, -10)
(173.687, 122.802):(-11, -10)
(575.676, 137.312):(12, -9)
(156.445, 140.593):(-12, -9)
(592.957, 154.672):(13, -8)
(139.151, 158.358):(-13, -8)
(610.499, 172.036):(14, -7)
(121.909, 175.887):(-14, -7)
(627.745, 189.352):(15, -6)
(105.356, 193.825):(-15, -6)
(644.879, 206.655):(16, -5)
(88.49, 211.189):(-16, -5)
(661.864, 223.941):(17, -4)
(70.985, 228.974):(-17, -4)
(678.755, 241.31):(18, -3)
(54.243, 246.574):(-18, -3)
(695.562, 258.438):(19, -2)
(37.584, 264.133):(-19, -2)
(712.017, 275.627):(20, -1)
(21.017, 281.578):(-20, -1)
(712.098, 310.082):(20, 1)
(695.665, 327.73):(19, 2)
(679.426, 345.284):(18, 3)
(662.749, 362.926):(17, 4)
(645.785, 380.434):(16, 5)
(628.994, 398.337):(15, 6)
(612.362, 416.19):(14, 7)
(595.291, 433.952):(13, 8)
(578.125, 451.619):(12, 9)
(560.875, 469.165):(11, 10)
(543.523, 486.818):(10, 11)
(526.258, 504.265):(9, 12)
(508.753, 521.84):(8, 13)
(491.518, 538.222):(7, 14)
(229.822, 524.542):(-8, 13)
(212.201, 507.407):(-9, 12)
(194.375, 490.115):(-10, 11)
(176.989, 472.649):(-11, 10)
(159.214, 455.556):(-12, 9)
(141.953, 437.977):(-13, 8)
(124.142, 420.679):(-14, 7)
(106.693, 403.252):(-15, 6)
(89.338, 385.731):(-16, 5)
(72.372, 368.42):(-17, 4)
(55.186, 350.803):(-18, 3)
(37.882, 333.515):(-19, 2)
(21.288, 316.113):(-20, 1)
(4.453, 298.782):(-21, 0)
(451.94, 0.429):(5, -17)
(277.864, 1.035):(-5, -17)
(469.491, 16.591):(6, -16)
(260.48, 18.106):(-6, -16)
(487.195, 33.699):(7, -15)
(243.123, 35.514):(-7, -15)
(504.887, 50.845):(8, -14)
(225.735, 52.855):(-8, -14)
(522.562, 68.08):(9, -13)
(208.348, 70.433):(-9, -13)
(540.216, 85.379):(10, -12)
(191.036, 87.943):(-10, -12)
(557.733, 102.606):(11, -11)
(173.768, 105.595):(-11, -11)
(575.241, 119.936):(12, -10)
(156.452, 123.205):(-12, -10)
(592.714, 137.334):(13, -9)
(139.17, 140.872):(-13, -9)
(609.866, 154.563):(14, -8)
(122.15, 158.561):(-14, -8)
(627.373, 172.059):(15, -7)
(104.848, 176.283):(-15, -7)
(644.428, 189.398):(16, -6)
(88.174, 193.831):(-16, -6)
(661.471, 206.549):(17, -5)
(70.795, 211.541):(-17, -5)
(678.429, 223.942):(18, -4)
(53.897, 229.198):(-18, -4)
(695.225, 241.133):(19, -3)
(37.2, 246.653):(-19, -3)
(20.982, 264.382):(-20, -2)
(711.93, 327.414):(20, 2)
(695.934, 345.048):(19, 3)
(679.557, 362.732):(18, 4)
(662.932, 380.326):(17, 5)
(645.927, 398.065):(16, 6)
(629.215, 415.837):(15, 7)
(612.061, 433.422):(14, 8)
(595.071, 451.057):(13, 9)
(577.918, 468.822):(12, 10)
(560.68, 486.41):(11, 11)
(543.479, 503.992):(10, 12)
(526.097, 521.475):(9, 13)
(508.836, 538.085):(8, 14)
(212.301, 524.618):(-9, 13)
(194.644, 507.325):(-10, 12)
(177.228, 489.952):(-11, 11)
(159.79, 472.617):(-12, 10)
(142.096, 455.385):(-13, 9)
(125.5, 437.5):(-14, 8)
(107.251, 420.545):(-15, 7)
(90.008, 403.039):(-16, 6)
(72.636, 385.597):(-17, 5)
(55.544, 368.267):(-18, 4)
(38.287, 350.791):(-19, 3)
(21.548, 333.405):(-20, 2)
(4.889, 316.294):(-21, 1)
(469.191, 0.437):(6, -17)
(260.464, 1.261):(-6, -17)
(486.751, 16.628):(7, -16)
(243.333, 18.695):(-7, -16)
(504.318, 33.938):(8, -15)
(225.894, 35.873):(-8, -15)
(522.116, 50.825):(9, -14)
(208.574, 53.339):(-9, -14)
(539.692, 68.158):(10, -13)
(190.994, 70.671):(-10, -13)
(557.359, 85.416):(11, -12)
(173.688, 88.302):(-11, -12)
(574.801, 102.612):(12, -11)
(156.487, 105.822):(-12, -11)
(592.293, 119.934):(13, -10)
(139.413, 123.542):(-13, -10)
(609.637, 137.362):(14, -9)
(122.285, 141.267):(-14, -9)
(626.993, 154.693):(15, -8)
(104.797, 158.728):(-15, -8)
(644.141, 172.076):(16, -7)
(88.512, 175.512):(-16, -7)
(661.2, 189.308):(17, -6)
(70.699, 194.105):(-17, -6)
(678.269, 206.602):(18, -5)
(54.053, 211.66):(-18, -5)
(694.937, 223.849):(19, -4)
(37.569, 229.395):(-19, -4)
(711.626, 241.024):(20, -3)
(20.874, 246.822):(-20, -3)
(4.537, 264.298):(-21, -2)
(712.36, 344.765):(20, 3)
(695.782, 362.227):(19, 4)
(679.346, 379.975):(18, 5)
(662.753, 397.614):(17, 6)
(645.638, 415.336):(16, 7)
(629.056, 433.057):(15, 8)
(611.715, 450.57):(14, 9)
(594.756, 468.027):(13, 10)
(577.723, 485.935):(12, 11)
(560.553, 503.541):(11, 12)
(543.267, 521.036):(10, 13)
(525.814, 537.866):(9, 14)
(213.0, 539.0):(-9, 14)
(195.011, 524.464):(-10, 13)
(177.318, 507.143):(-11, 12)
(160.076, 489.89):(-12, 11)
(142.576, 472.415):(-13, 10)
(125.035, 455.195):(-14, 9)
(107.347, 437.865):(-15, 8)
(90.185, 420.378):(-16, 7)
(73.064, 402.879):(-17, 6)
(55.486, 385.551):(-18, 5)
(38.819, 368.323):(-19, 4)
(21.501, 350.82):(-20, 3)
(4.801, 333.458):(-21, 2)
(486.468, 0.457):(7, -17)
(243.151, 1.53):(-7, -17)
(503.995, 16.679):(8, -16)
(225.764, 18.66):(-8, -16)
(521.608, 33.812):(9, -15)
(208.494, 36.182):(-9, -15)
(539.311, 50.981):(10, -14)
(191.037, 53.522):(-10, -14)
(556.849, 68.186):(11, -13)
(173.884, 71.143):(-11, -13)
(574.415, 85.48):(12, -12)
(156.493, 88.597):(-12, -12)
(591.764, 102.641):(13, -11)
(139.479, 106.257):(-13, -11)
(609.259, 120.05):(14, -10)
(122.182, 123.915):(-14, -10)
(626.514, 137.362):(15, -9)
(105.24, 141.492):(-15, -9)
(643.683, 154.955):(16, -8)
(87.942, 159.229):(-16, -8)
(660.832, 172.022):(17, -7)
(70.948, 176.735):(-17, -7)
(677.656, 189.406):(18, -6)
(54.191, 194.55):(-18, -6)
(694.53, 206.53):(19, -5)
(37.411, 211.899):(-19, -5)
(711.363, 223.753):(20, -4)
(20.753, 229.544):(-20, -4)
(4.332, 247.054):(-21, -3)
(712.169, 361.898):(20, 4)
(695.67, 379.368):(19, 5)
(679.194, 397.097):(18, 6)
(662.6, 414.927):(17, 7)
(645.664, 432.612):(16, 8)
(628.523, 449.943):(15, 9)
(611.653, 467.687):(14, 10)
(594.597, 485.39):(13, 11)
(577.653, 503.139):(12, 12)
(560.312, 520.541):(11, 13)
(543.074, 537.574):(10, 14)
(195.291, 539.0):(-10, 14)
(177.727, 524.233):(-11, 13)
(160.375, 506.986):(-12, 12)
(142.767, 489.847):(-13, 11)
(125.281, 472.43):(-14, 10)
(107.831, 454.921):(-15, 9)
(90.82, 437.348):(-16, 8)
(73.257, 420.206):(-17, 7)
(56.103, 402.755):(-18, 6)
(39.131, 385.437):(-19, 5)
(21.752, 367.921):(-20, 4)
(503.608, 0.482):(8, -17)
(225.827, 1.786):(-8, -17)
(521.139, 16.71):(9, -16)
(208.529, 19.166):(-9, -16)
(538.713, 33.949):(10, -15)
(191.166, 36.527):(-10, -15)
(556.363, 51.169):(11, -14)
(174.333, 54.269):(-11, -14)
(573.831, 68.445):(12, -13)
(156.526, 71.463):(-12, -13)
(591.364, 85.561):(13, -12)
(139.41, 89.01):(-13, -12)
(608.68, 102.902):(14, -11)
(122.724, 106.921):(-14, -11)
(626.09, 120.169):(15, -10)
(104.959, 124.279):(-15, -10)
(643.306, 137.455):(16, -9)
(87.909, 141.686):(-16, -9)
(660.248, 154.726):(17, -8)
(70.927, 159.558):(-17, -8)
(677.392, 172.1):(18, -7)
(53.915, 177.09):(-18, -7)
(694.188, 189.327):(19, -6)
(37.484, 194.611):(-19, -6)
(710.954, 206.586):(20, -5)
(20.772, 212.293):(-20, -5)
(4.191, 229.66):(-21, -4)
(711.917, 378.922):(20, 5)
(695.644, 396.811):(19, 6)
(679.279, 414.397):(18, 7)
(662.468, 432.016):(17, 8)
(645.584, 449.766):(16, 9)
(628.511, 467.204):(15, 10)
(610.974, 484.741):(14, 11)
(594.362, 502.492):(13, 12)
(577.33, 520.026):(12, 13)
(559.942, 537.0):(11, 14)
(178.057, 539.0):(-11, 14)
(160.971, 523.901):(-12, 13)
(143.372, 506.713):(-13, 12)
(126.389, 488.858):(-14, 11)
(108.222, 472.161):(-15, 10)
(91.056, 454.711):(-16, 9)
(73.971, 437.463):(-17, 8)
(56.282, 420.029):(-18, 7)
(39.318, 402.499):(-19, 6)
(22.441, 385.355):(-20, 5)
(5.482, 367.836):(-21, 4)
(520.661, 0.523):(9, -17)
(208.518, 2.163):(-9, -17)
(538.221, 16.945):(10, -16)
(191.298, 19.657):(-10, -16)
(555.819, 34.156):(11, -15)
(174.091, 36.971):(-11, -15)
(573.329, 51.324):(12, -14)
(156.686, 54.423):(-12, -14)
(590.751, 68.46):(13, -13)
(139.595, 71.857):(-13, -13)
(608.277, 85.626):(14, -12)
(122.442, 89.46):(-14, -12)
(625.522, 103.029):(15, -11)
(105.071, 106.981):(-15, -11)
(642.825, 120.288):(16, -10)
(87.853, 124.506):(-16, -10)
(659.769, 137.536):(17, -9)
(71.2, 142.205):(-17, -9)
(676.884, 154.776):(18, -8)
(54.149, 159.644):(-18, -8)
(693.866, 172.109):(19, -7)
(37.306, 177.381):(-19, -7)
(710.547, 189.374):(20, -6)
(20.859, 194.757):(-20, -6)
(4.217, 212.412):(-21, -5)
(711.927, 396.23):(20, 6)
(695.505, 413.987):(19, 7)
(678.899, 431.451):(18, 8)
(662.058, 448.891):(17, 9)
(645.416, 466.779):(16, 10)
(628.433, 484.413):(15, 11)
(611.256, 501.985):(14, 12)
(594.091, 519.386):(13, 13)
(576.992, 536.919):(12, 14)
(160.935, 539.0):(-12, 14)
(143.902, 523.501):(-13, 13)
(126.034, 506.635):(-14, 12)
(108.891, 488.99):(-15, 11)
(91.316, 471.839):(-16, 10)
(74.272, 454.403):(-17, 9)
(57.05, 437.157):(-18, 8)
(39.732, 419.801):(-19, 7)
(22.748, 402.368):(-20, 6)
(5.749, 385.059):(-21, 5)
(537.654, 0.739):(10, -17)
(191.351, 2.622):(-10, -17)
(555.252, 17.234):(11, -16)
(173.952, 19.774):(-11, -16)
(572.791, 34.301):(12, -15)
(156.82, 37.36):(-12, -15)
(590.232, 51.399):(13, -14)
(139.694, 54.848):(-13, -14)
(607.716, 68.522):(14, -13)
(122.296, 72.323):(-14, -13)
(624.926, 85.751):(15, -12)
(105.422, 89.855):(-15, -12)
(642.366, 103.07):(16, -11)
(88.445, 107.446):(-16, -11)
(659.402, 120.424):(17, -10)
(71.481, 125.048):(-17, -10)
(676.323, 137.555):(18, -9)
(54.348, 142.45):(-18, -9)
(693.156, 154.916):(19, -8)
(37.413, 160.136):(-19, -8)
(710.032, 172.2):(20, -7)
(20.826, 177.537):(-20, -7)
(4.112, 195.194):(-21, -6)
(711.762, 413.352):(20, 7)
(695.361, 431.046):(19, 8)
(678.508, 448.563):(18, 9)
(661.8, 466.164):(17, 10)
(644.784, 483.708):(16, 11)
(628.078, 501.306):(15, 12)
(611.042, 518.941):(14, 13)
(593.707, 536.159):(13, 14)
(143.927, 539.0):(-13, 14)
(126.475, 523.563):(-14, 13)
(109.379, 506.226):(-15, 12)
(91.545, 488.956):(-16, 11)
(74.651, 471.533):(-17, 10)
(57.382, 454.281):(-18, 9)
(40.641, 436.549):(-19, 8)
(23.21, 419.424):(-20, 7)
(6.197, 402.257):(-21, 6)
(554.631, 0.884):(11, -17)
(174.224, 3.013):(-11, -17)
(572.229, 17.365):(12, -16)
(157.241, 20.463):(-12, -16)
(589.567, 34.475):(13, -15)
(140.042, 37.963):(-13, -15)
(606.998, 51.589):(14, -14)
(122.715, 55.276):(-14, -14)
(624.356, 68.717):(15, -13)
(105.463, 72.669):(-15, -13)
(641.583, 86.052):(16, -12)
(88.425, 90.276):(-16, -12)
(658.903, 103.227):(17, -11)
(71.535, 107.838):(-17, -11)
(675.843, 120.543):(18, -10)
(54.689, 125.351):(-18, -10)
(692.842, 137.645):(19, -9)
(37.661, 142.827):(-19, -9)
(709.681, 154.965):(20, -8)
(20.843, 160.594):(-20, -8)
(4.565, 177.938):(-21, -7)
(711.455, 430.536):(20, 8)
(695.098, 447.965):(19, 9)
(678.236, 465.522):(18, 10)
(661.327, 483.006):(17, 11)
(644.594, 500.779):(16, 12)
(627.614, 518.207):(15, 13)
(610.56, 535.586):(14, 14)
(126.9, 538.939):(-14, 14)
(109.984, 523.137):(-15, 13)
(92.615, 505.619):(-16, 12)
(75.001, 488.553):(-17, 11)
(57.982, 471.218):(-18, 10)
(40.724, 454.064):(-19, 9)
(23.442, 436.707):(-20, 8)
(6.494, 419.251):(-21, 7)
(571.581, 0.919):(12, -17)
(157.122, 3.583):(-12, -17)
(588.972, 17.555):(13, -16)
(139.851, 20.837):(-13, -16)
(606.432, 34.564):(14, -15)
(122.79, 38.248):(-14, -15)
(623.744, 51.653):(15, -14)
(105.602, 55.646):(-15, -14)
(640.887, 69.098):(16, -13)
(88.964, 73.14):(-16, -13)
(658.234, 86.287):(17, -12)
(71.952, 90.964):(-17, -12)
(675.179, 103.384):(18, -11)
(54.669, 108.332):(-18, -11)
(692.323, 120.653):(19, -10)
(37.742, 125.7):(-19, -10)
(709.162, 137.79):(20, -9)
(21.208, 143.28):(-20, -9)
(4.322, 160.73):(-21, -8)
(711.006, 447.223):(20, 9)
(694.725, 464.941):(19, 10)
(678.081, 482.561):(18, 11)
(660.904, 500.071):(17, 12)
(644.12, 517.303):(16, 13)
(627.429, 535.075):(15, 14)
(109.935, 538.722):(-15, 14)
(93.057, 522.876):(-16, 13)
(75.467, 505.716):(-17, 12)
(58.45, 488.334):(-18, 11)
(41.008, 471.095):(-19, 10)
(24.157, 453.82):(-20, 9)
(6.93, 436.423):(-21, 8)
(588.449, 1.052):(13, -17)
(140.363, 4.187):(-13, -17)
(605.723, 17.656):(14, -16)
(123.344, 21.382):(-14, -16)
(623.138, 34.774):(15, -15)
(106.215, 38.808):(-15, -15)
(640.466, 52.007):(16, -14)
(88.749, 56.101):(-16, -14)
(657.503, 69.299):(17, -13)
(71.952, 73.639):(-17, -13)
(674.726, 86.431):(18, -12)
(54.837, 91.214):(-18, -12)
(691.71, 103.599):(19, -11)
(38.054, 108.726):(-19, -11)
(708.454, 120.876):(20, -10)
(21.292, 126.148):(-20, -10)
(4.442, 143.634):(-21, -9)
(710.706, 464.04):(20, 10)
(694.217, 481.921):(19, 11)
(677.585, 499.433):(18, 12)
(660.674, 516.859):(17, 13)
(644.03, 534.406):(16, 14)
(93.11, 538.605):(-16, 14)
(76.074, 522.745):(-17, 13)
(58.947, 505.475):(-18, 12)
(42.0, 489.0):(-19, 11)
(24.484, 470.735):(-20, 10)
(7.545, 453.393):(-21, 9)
(605.061, 1.163):(14, -17)
(123.26, 4.588):(-14, -17)
(622.514, 18.062):(15, -16)
(106.117, 21.859):(-15, -16)
(639.686, 35.25):(16, -15)
(89.007, 39.221):(-16, -15)
(656.972, 52.341):(17, -14)
(72.103, 56.648):(-17, -14)
(673.966, 69.469):(18, -13)
(54.954, 74.148):(-18, -13)
(691.059, 86.593):(19, -12)
(38.445, 91.772):(-19, -12)
(707.7, 103.764):(20, -11)
(21.368, 109.164):(-20, -11)
(4.723, 126.595):(-21, -10)
(710.467, 481.093):(20, 11)
(693.338, 499.115):(19, 12)
(677.269, 516.285):(18, 13)
(660.409, 533.639):(17, 14)
(76.334, 538.386):(-17, 14)
(60.0, 522.551):(-18, 13)
(42.04, 505.055):(-19, 12)
(25.424, 487.541):(-20, 11)
(8.101, 470.347):(-21, 10)
(621.727, 1.454):(15, -17)
(106.224, 5.078):(-15, -17)
(638.781, 18.497):(16, -16)
(89.366, 22.444):(-16, -16)
(656.056, 35.53):(17, -15)
(72.375, 39.788):(-17, -15)
(673.287, 52.59):(18, -14)
(55.429, 57.257):(-18, -14)
(690.325, 69.635):(19, -13)
(38.283, 74.568):(-19, -13)
(707.326, 86.82):(20, -12)
(21.634, 92.189):(-20, -12)
(5.082, 109.594):(-21, -11)
(709.992, 498.094):(20, 12)
(693.481, 515.538):(19, 13)
(676.47, 532.734):(18, 14)
(60.317, 537.993):(-18, 14)
(42.777, 521.654):(-19, 13)
(25.63, 504.556):(-20, 12)
(8.851, 487.203):(-21, 11)
(638.233, 1.591):(16, -17)
(89.767, 5.833):(-16, -17)
(655.532, 18.67):(17, -16)
(72.525, 22.878):(-17, -16)
(672.513, 35.801):(18, -15)
(55.358, 40.338):(-18, -15)
(689.564, 52.981):(19, -14)
(38.769, 57.753):(-19, -14)
(706.469, 70.002):(20, -13)
(21.937, 75.227):(-20, -13)
(5.295, 92.629):(-21, -12)
(709.56, 514.799):(20, 13)
(692.965, 531.98):(19, 14)
(44.0, 538.51):(-19, 14)
(26.348, 521.384):(-20, 13)
(9.11, 504.111):(-21, 12)
(654.536, 2.072):(17, -17)
(73.227, 6.281):(-17, -17)
(671.755, 19.198):(18, -16)
(55.851, 23.65):(-18, -16)
(688.868, 36.301):(19, -15)
(39.29, 41.034):(-19, -15)
(705.801, 53.349):(20, -14)
(22.195, 58.332):(-20, -14)
(5.527, 75.7):(-21, -13)
(709.061, 531.192):(20, 14)
(27.147, 537.775):(-20, 14)
(10.174, 520.82):(-21, 13)
(670.831, 2.482):(18, -17)
(56.317, 6.867):(-18, -17)
(687.981, 19.57):(19, -16)
(39.386, 24.247):(-19, -16)
(704.928, 36.649):(20, -15)
(23.0, 41.411):(-20, -15)
(6.283, 58.938):(-21, -14)
(687.174, 2.877):(19, -17)
(39.852, 7.563):(-19, -17)
(704.022, 19.931):(20, -16)
(23.224, 25.047):(-20, -16)
(719.0, 37.0):(21, -15)
(6.357, 42.163):(-21, -15)
(702.954, 3.416):(20, -17)
(24.0, 8.0):(-20, -17)
(718.964, 20.423):(21, -16)
(6.803, 25.542):(-21, -16)
(718.459, 3.885):(21, -17)
(7.108, 9.054):(-21, -17)
