1906.020, 1535.000
42.417, 1534.767
1695.003, 1534.405
526.402, 1534.405
1414.805, 1533.804
266.222, 1532.762
557.118, 1532.209
1661.660, 1529.815
1385.208, 1531.432
1867.754, 1528.228
83.834, 1527.203
1355.753, 1528.717
617.654, 1527.243
301.643, 1527.732
587.596, 1529.562
1326.729, 1526.377
1628.731, 1525.229
1297.811, 1524.454
1830.792, 1522.000
647.411, 1524.863
2020.280, 1521.611
792.000, 1521.000
336.097, 1523.066
1596.591, 1521.002
676.873, 1522.896
1269.192, 1522.560
706.008, 1521.264
123.703, 1520.481
1240.666, 1520.748
735.035, 1519.540
370.008, 1518.624
1794.000, 1516.000
1212.337, 1519.262
1184.133, 1518.063
763.751, 1518.219
1564.776, 1516.793
1155.995, 1516.794
820.674, 1515.811
792.290, 1516.951
764.000, 1514.000
1978.661, 1513.618
1128.054, 1515.911
1533.488, 1513.229
1072.289, 1514.585
1016.625, 1513.653
960.947, 1513.683
876.990, 1514.456
848.984, 1515.099
403.003, 1514.751
162.360, 1513.903
905.080, 1513.784
1100.095, 1514.946
988.848, 1513.532
933.056, 1513.570
1759.160, 1510.397
1044.448, 1513.786
435.508, 1510.943
1502.711, 1509.833
199.941, 1508.188
1938.547, 1506.000
467.468, 1507.506
1472.319, 1506.579
8.745, 1504.709
1724.447, 1505.004
498.859, 1504.447
1442.296, 1503.910
236.484, 1502.675
529.861, 1501.473
1690.660, 1500.042
1412.621, 1500.880
1899.795, 1499.159
1383.099, 1498.350
560.493, 1498.777
272.062, 1497.666
50.870, 1497.451
1657.575, 1495.579
590.638, 1496.500
1353.976, 1496.049
1861.895, 1492.756
620.485, 1494.052
306.812, 1492.861
1325.081, 1493.951
679.000, 1490.761
650.002, 1492.097
91.606, 1490.546
1625.003, 1491.232
1296.389, 1491.982
1239.615, 1488.724
708.363, 1488.616
1267.954, 1490.106
341.157, 1488.591
1825.091, 1486.813
1593.000, 1487.237
737.030, 1487.236
1211.523, 1487.165
131.000, 1484.000
2012.620, 1484.668
374.725, 1484.546
1561.592, 1483.767
1155.490, 1484.897
1127.749, 1483.896
1183.414, 1485.969
1072.192, 1482.673
1044.604, 1482.122
793.967, 1484.682
1099.921, 1483.447
961.647, 1481.352
822.124, 1483.735
765.550, 1485.778
1789.213, 1480.975
1530.690, 1480.246
989.268, 1481.431
878.152, 1482.281
850.244, 1482.906
1016.923, 1481.680
933.943, 1481.329
906.034, 1481.974
407.526, 1480.665
1971.789, 1477.366
169.188, 1478.372
1754.315, 1475.748
439.712, 1477.324
1499.957, 1477.112
471.386, 1474.089
1469.787, 1473.830
206.378, 1472.814
1932.000, 1470.000
1439.995, 1471.218
1720.121, 1470.965
502.557, 1471.139
17.146, 1467.953
533.314, 1468.174
242.250, 1467.839
1410.466, 1468.514
1381.354, 1466.222
1686.553, 1466.194
1893.678, 1463.874
1352.398, 1463.799
593.624, 1463.744
563.624, 1465.869
277.746, 1462.995
1653.617, 1462.018
1323.567, 1461.889
58.703, 1461.186
623.206, 1461.486
1856.293, 1457.788
1295.071, 1459.978
312.249, 1458.758
1266.723, 1458.384
2047.000, 1456.042
1621.487, 1458.094
681.689, 1457.894
652.611, 1459.723
1210.653, 1455.467
710.451, 1456.436
98.887, 1454.702
1589.669, 1454.259
1238.673, 1456.771
739.073, 1455.232
346.099, 1454.506
1155.013, 1453.108
795.630, 1452.928
1819.951, 1452.303
1182.848, 1454.085
823.595, 1452.018
767.368, 1453.975
1558.567, 1450.724
1099.858, 1451.485
851.583, 1451.210
2005.559, 1448.791
1127.465, 1452.247
1072.211, 1451.010
879.312, 1450.753
379.231, 1450.870
137.705, 1448.785
1784.517, 1447.027
1044.737, 1450.384
1017.175, 1450.157
989.739, 1449.762
962.130, 1449.938
934.715, 1450.043
906.963, 1450.328
411.733, 1447.375
1527.840, 1447.417
175.491, 1443.344
1965.205, 1441.818
1497.358, 1444.439
443.651, 1444.140
1749.781, 1441.926
475.055, 1441.347
1467.418, 1441.619
506.036, 1438.643
212.068, 1438.321
1715.867, 1437.382
1437.868, 1439.090
1926.000, 1435.000
1408.656, 1436.737
1379.581, 1434.505
536.478, 1436.029
247.908, 1433.654
1682.756, 1433.214
566.626, 1433.732
24.936, 1431.641
1350.746, 1432.260
596.404, 1431.650
1888.209, 1429.259
1650.185, 1429.167
1322.202, 1430.463
625.861, 1429.755
282.832, 1429.304
1265.727, 1427.209
1618.325, 1425.672
1293.815, 1428.746
654.970, 1427.933
65.966, 1425.341
1237.702, 1425.750
683.890, 1426.433
317.105, 1425.122
1851.185, 1423.647
1209.948, 1424.388
1182.233, 1423.256
740.820, 1423.937
712.453, 1425.020
2040.384, 1420.601
1586.660, 1421.986
1154.553, 1422.171
1127.120, 1421.371
824.968, 1421.113
350.566, 1421.515
1099.637, 1420.837
852.771, 1420.450
769.023, 1422.704
105.574, 1419.674
1072.212, 1420.231
1044.896, 1419.722
1017.494, 1419.404
962.837, 1419.161
935.373, 1419.247
880.360, 1419.903
797.041, 1421.829
1815.102, 1418.439
1555.767, 1418.681
990.134, 1419.253
907.964, 1419.521
383.481, 1418.035
1525.307, 1415.813
1999.181, 1413.466
1780.014, 1413.529
415.586, 1414.969
144.089, 1414.307
1495.061, 1412.842
447.267, 1412.033
448.000, 1409.000
181.000, 1409.000
1745.590, 1408.957
1465.185, 1410.141
1959.259, 1406.997
478.479, 1409.173
1435.857, 1407.711
509.144, 1406.742
1711.973, 1404.581
1406.686, 1405.514
217.706, 1404.582
1377.866, 1403.349
539.285, 1404.504
569.423, 1402.205
1920.622, 1401.026
1679.173, 1400.615
1349.289, 1401.336
598.991, 1400.249
253.134, 1400.248
1320.905, 1399.507
1292.753, 1398.000
628.056, 1398.482
657.164, 1396.895
32.108, 1396.561
1646.953, 1396.856
1264.750, 1396.344
287.703, 1396.228
1883.003, 1395.363
685.904, 1395.429
1615.190, 1393.509
1237.018, 1394.971
1209.296, 1393.789
714.340, 1394.083
1181.673, 1392.768
321.398, 1392.589
1154.207, 1391.824
798.391, 1391.234
770.569, 1391.975
742.598, 1392.996
72.801, 1390.622
1846.526, 1390.091
1583.946, 1390.116
1126.951, 1390.926
1072.280, 1389.861
826.131, 1390.326
1099.571, 1390.206
1045.032, 1389.249
990.581, 1388.844
936.128, 1388.824
908.745, 1389.016
881.209, 1389.336
853.843, 1389.810
354.856, 1388.951
1553.288, 1387.417
1017.885, 1388.914
963.442, 1388.781
2034.098, 1385.271
111.807, 1385.302
1810.671, 1385.158
387.355, 1385.823
1522.800, 1384.119
419.257, 1382.880
1775.995, 1380.659
1993.000, 1379.000
1492.915, 1381.528
149.852, 1380.337
1463.304, 1379.089
450.743, 1380.054
481.663, 1377.701
1741.879, 1376.451
1434.072, 1376.783
512.148, 1375.219
186.792, 1375.594
1953.674, 1372.939
1708.744, 1372.495
1405.105, 1374.649
542.167, 1373.159
1376.348, 1372.696
1348.042, 1370.924
222.864, 1371.285
571.976, 1371.190
601.433, 1369.280
1915.489, 1367.289
1675.977, 1368.751
257.769, 1367.441
1319.700, 1369.074
1291.675, 1367.554
630.487, 1367.758
659.223, 1366.277
1643.894, 1365.280
1263.878, 1366.179
1236.234, 1364.961
687.827, 1364.973
292.113, 1363.726
1208.658, 1363.922
716.077, 1363.776
1878.397, 1362.182
1181.306, 1362.752
1153.769, 1361.792
39.047, 1361.941
1612.288, 1361.901
744.169, 1362.646
1126.587, 1360.984
772.211, 1361.731
325.724, 1360.210
1099.372, 1360.406
1072.296, 1359.910
882.211, 1359.493
1581.245, 1358.886
1018.073, 1359.156
963.922, 1358.943
936.763, 1358.922
827.427, 1360.250
799.759, 1360.963
1842.093, 1357.293
1045.168, 1359.414
990.952, 1358.895
909.491, 1359.015
855.002, 1359.772
358.646, 1357.161
1550.759, 1356.272
79.024, 1356.509
391.001, 1354.122
1520.536, 1353.244
2028.173, 1351.000
1806.690, 1352.650
117.816, 1351.566
1490.848, 1350.992
422.942, 1351.337
1772.116, 1348.529
1461.450, 1348.567
453.934, 1348.887
484.560, 1346.699
155.355, 1347.035
1432.448, 1346.366
1987.583, 1345.006
1738.360, 1344.486
1403.596, 1344.401
515.038, 1344.303
191.873, 1342.835
1705.457, 1340.997
1375.136, 1342.591
544.930, 1342.438
1948.701, 1339.500
1346.727, 1340.796
574.438, 1340.519
227.472, 1338.995
1318.676, 1339.105
1673.047, 1337.451
1290.699, 1337.721
603.787, 1338.853
1263.186, 1336.542
632.590, 1337.443
661.210, 1336.128
262.055, 1335.218
1910.945, 1334.356
1641.197, 1334.131
1235.485, 1335.148
4.408, 1333.320
1208.023, 1334.139
689.673, 1334.755
745.768, 1332.868
1609.772, 1331.058
1180.630, 1333.181
1153.483, 1332.208
1126.422, 1331.636
717.906, 1333.703
296.402, 1331.724
1873.713, 1329.441
1099.467, 1330.890
828.579, 1330.666
1072.403, 1330.374
1045.346, 1330.006
1018.405, 1329.787
991.377, 1329.557
937.368, 1329.540
910.280, 1329.633
855.943, 1330.222
801.103, 1331.236
773.465, 1331.984
964.383, 1329.389
883.137, 1329.777
329.672, 1328.593
45.343, 1327.947
1578.973, 1328.089
1837.949, 1324.951
362.398, 1325.566
1548.497, 1325.338
84.852, 1323.039
1518.571, 1322.955
394.356, 1323.028
1802.823, 1320.669
1489.008, 1320.607
425.973, 1320.526
123.154, 1318.563
2022.582, 1317.220
1459.730, 1318.555
456.969, 1318.066
1768.589, 1316.739
487.493, 1315.985
1430.984, 1316.357
160.000, 1314.420
1402.228, 1314.582
1735.173, 1313.096
517.731, 1313.983
1982.509, 1311.918
1373.715, 1312.851
1345.585, 1311.169
547.434, 1312.170
196.753, 1310.370
1702.306, 1309.726
1317.732, 1309.529
576.762, 1310.587
1944.090, 1306.716
1289.882, 1308.194
1262.328, 1307.087
634.620, 1307.689
1670.135, 1306.486
605.895, 1308.905
231.874, 1306.769
1234.920, 1305.860
691.330, 1305.114
1207.512, 1304.822
663.170, 1306.222
719.449, 1304.210
266.432, 1303.393
1906.260, 1301.854
1638.417, 1303.228
1180.370, 1303.768
774.773, 1302.607
747.143, 1303.251
1153.296, 1303.022
1072.470, 1301.379
829.637, 1301.422
1607.239, 1300.444
1126.328, 1302.245
1045.438, 1300.922
1018.774, 1300.614
857.018, 1300.953
802.221, 1301.906
11.000, 1299.649
1099.302, 1301.696
991.918, 1300.389
937.947, 1300.319
910.999, 1300.440
884.046, 1300.570
300.390, 1300.173
1869.828, 1297.419
1576.662, 1297.800
965.014, 1300.263
333.320, 1297.359
1546.536, 1295.342
51.121, 1294.726
1834.198, 1293.203
365.844, 1294.692
1516.820, 1292.950
397.635, 1292.162
90.316, 1290.215
1799.341, 1289.180
1487.198, 1290.742
428.938, 1289.850
1458.180, 1288.759
1429.488, 1286.935
459.721, 1287.809
1765.411, 1285.610
128.082, 1286.065
490.121, 1285.760
2017.528, 1284.114
1400.881, 1285.087
1372.584, 1283.460
520.116, 1284.015
1732.149, 1282.161
1344.590, 1281.975
165.126, 1282.191
549.788, 1282.354
1316.777, 1280.473
1977.960, 1279.065
578.960, 1280.736
1699.674, 1278.913
1261.601, 1277.988
608.002, 1279.278
201.065, 1278.560
1289.039, 1279.112
664.833, 1277.056
636.511, 1278.044
1667.563, 1275.945
1234.350, 1276.999
1207.187, 1275.919
692.931, 1275.918
236.014, 1275.223
1939.742, 1274.418
1153.005, 1274.344
1180.035, 1274.998
1126.101, 1273.683
776.057, 1273.668
748.563, 1274.148
720.880, 1274.998
1636.047, 1273.001
1072.461, 1272.612
830.587, 1272.527
803.431, 1272.967
270.286, 1272.151
965.507, 1271.647
911.756, 1271.703
1902.149, 1269.907
1099.245, 1272.948
1045.650, 1272.130
1018.933, 1271.891
992.254, 1271.589
938.605, 1271.518
857.810, 1272.021
303.999, 1269.317
1605.091, 1270.252
1574.656, 1267.974
884.766, 1271.733
1866.129, 1265.774
336.758, 1266.712
16.440, 1266.380
1544.611, 1265.573
369.082, 1264.143
1514.979, 1263.343
1830.663, 1261.846
56.559, 1262.112
1485.686, 1261.340
400.721, 1261.883
1456.689, 1259.448
431.806, 1259.855
95.318, 1258.000
1796.114, 1258.185
1428.160, 1257.758
462.452, 1257.859
1762.587, 1255.000
1399.752, 1256.053
492.551, 1256.059
1371.507, 1254.436
133.068, 1253.955
522.469, 1254.338
2012.921, 1251.610
1729.369, 1251.638
1343.588, 1252.999
551.943, 1252.854
1315.883, 1251.677
581.010, 1251.416
169.497, 1250.482
1288.375, 1250.437
638.239, 1249.054
609.798, 1250.238
1973.604, 1247.000
1697.105, 1248.638
1260.964, 1249.297
1665.233, 1245.750
1233.812, 1248.171
1206.664, 1247.331
694.470, 1247.056
666.591, 1247.972
205.237, 1247.144
1179.754, 1246.456
777.244, 1244.935
1152.864, 1245.724
1126.049, 1245.137
1099.279, 1244.667
1072.680, 1243.991
831.583, 1243.936
749.859, 1245.510
722.259, 1246.134
239.893, 1244.229
1935.806, 1242.546
1633.945, 1243.057
965.933, 1243.184
804.454, 1244.305
1019.245, 1243.459
992.565, 1243.218
939.140, 1243.147
858.629, 1243.669
1045.928, 1243.736
912.425, 1243.098
885.491, 1243.332
274.028, 1241.388
1603.123, 1240.678
307.265, 1238.798
1898.704, 1238.403
1572.790, 1238.402
339.883, 1236.467
1542.941, 1236.109
1862.655, 1234.511
371.904, 1234.180
21.668, 1233.776
1513.303, 1234.089
403.464, 1231.979
1827.495, 1230.973
1484.125, 1232.151
1455.409, 1230.515
434.436, 1230.072
61.399, 1229.844
1426.974, 1228.845
464.961, 1228.220
1793.159, 1227.592
1398.640, 1227.338
494.946, 1226.629
1759.725, 1224.497
100.023, 1225.902
1370.458, 1225.825
1342.732, 1224.402
524.603, 1225.058
137.112, 1222.617
582.885, 1222.511
1726.826, 1221.429
1315.071, 1223.155
1287.814, 1221.904
553.964, 1223.610
2008.619, 1219.488
611.617, 1221.202
1260.448, 1220.986
1206.347, 1219.224
639.994, 1220.197
173.627, 1219.259
1694.634, 1218.643
668.053, 1219.255
1233.265, 1220.139
1179.506, 1218.231
1152.673, 1217.625
1125.958, 1217.006
751.123, 1217.120
723.659, 1217.721
696.050, 1218.500
209.075, 1216.300
1969.714, 1215.147
1663.012, 1216.078
1072.669, 1215.966
1046.057, 1215.665
778.381, 1216.563
1019.472, 1215.422
992.894, 1215.174
966.354, 1215.054
913.037, 1215.064
886.266, 1215.092
805.505, 1216.180
243.312, 1213.538
1631.896, 1213.567
1099.277, 1216.337
939.654, 1214.926
832.553, 1215.663
1932.374, 1211.312
859.406, 1215.316
277.374, 1211.018
1601.236, 1211.223
1571.117, 1209.173
310.215, 1208.558
1895.249, 1207.314
1541.345, 1207.044
342.915, 1206.289
1859.623, 1203.881
1511.866, 1205.227
1482.936, 1203.437
374.900, 1204.214
26.762, 1201.599
1824.599, 1200.463
1454.142, 1201.844
406.099, 1202.379
1425.896, 1200.272
436.899, 1200.667
467.213, 1199.031
65.889, 1198.051
1790.590, 1197.371
1397.591, 1198.873
1369.625, 1197.412
497.056, 1197.524
1341.873, 1196.064
555.799, 1194.975
526.657, 1196.120
104.112, 1194.603
1757.156, 1194.361
1314.411, 1194.971
584.656, 1193.856
2044.605, 1192.090
1724.530, 1191.713
1286.933, 1193.901
613.231, 1192.796
1259.845, 1192.834
1232.734, 1191.985
669.472, 1190.952
641.575, 1191.861
141.243, 1191.396
1692.535, 1189.129
1205.974, 1191.077
1179.124, 1190.361
2004.818, 1187.863
1152.589, 1189.644
1125.975, 1189.050
806.402, 1188.081
752.160, 1188.891
724.841, 1189.534
697.204, 1190.105
177.363, 1188.469
1072.914, 1188.198
833.416, 1187.711
779.437, 1188.432
212.655, 1186.000
1661.039, 1186.714
1099.303, 1188.572
1046.253, 1187.850
993.321, 1187.285
966.841, 1187.226
913.477, 1187.215
886.947, 1187.227
860.128, 1187.371
1019.771, 1187.570
940.206, 1187.179
1966.222, 1183.852
1630.053, 1184.474
246.528, 1183.349
1599.600, 1182.297
1928.965, 1180.136
280.402, 1180.946
1569.540, 1180.202
1539.895, 1178.435
313.296, 1178.736
1892.240, 1176.624
1510.615, 1176.610
345.668, 1176.798
1481.764, 1174.954
377.525, 1174.888
1856.736, 1173.405
1453.042, 1173.394
408.619, 1173.076
1424.701, 1172.033
439.157, 1171.539
31.000, 1170.000
1822.025, 1170.300
1396.737, 1170.663
499.164, 1168.772
469.341, 1170.050
1788.091, 1167.486
1368.772, 1169.201
1313.804, 1167.164
528.487, 1167.570
1341.188, 1168.105
70.221, 1166.560
1259.434, 1165.113
557.712, 1166.482
1754.945, 1164.731
586.326, 1165.328
108.053, 1163.519
1286.516, 1166.014
642.952, 1163.576
614.880, 1164.422
1722.514, 1162.270
1232.475, 1164.169
2041.011, 1160.442
1205.722, 1163.424
1152.485, 1162.107
698.564, 1162.065
670.858, 1162.781
1690.586, 1159.822
1179.069, 1162.756
1125.869, 1161.614
753.160, 1161.068
726.057, 1161.528
145.050, 1160.606
1099.469, 1161.061
1019.974, 1159.926
940.671, 1159.561
914.220, 1159.618
860.885, 1159.741
834.331, 1160.021
807.424, 1160.211
780.460, 1160.628
1659.305, 1157.795
1072.966, 1160.629
1046.500, 1160.231
993.631, 1159.750
967.170, 1159.632
887.588, 1159.651
180.929, 1158.024
2001.405, 1156.663
1628.299, 1155.531
246.000, 1154.000
215.846, 1155.562
1963.055, 1152.929
1597.999, 1153.514
249.894, 1153.330
283.348, 1151.215
1925.959, 1149.641
1568.050, 1151.691
1538.574, 1149.945
316.031, 1149.208
1509.383, 1148.130
348.104, 1147.448
1889.258, 1146.252
1480.606, 1146.767
1452.096, 1145.338
379.856, 1145.741
1854.141, 1143.319
1423.711, 1143.949
410.833, 1144.139
441.279, 1142.809
1819.783, 1140.543
471.391, 1141.490
1395.749, 1142.614
1368.089, 1141.470
501.038, 1140.245
35.449, 1138.614
1340.598, 1140.310
1313.309, 1139.263
559.185, 1138.033
530.281, 1139.070
1785.833, 1137.840
587.913, 1137.208
1232.142, 1136.771
616.095, 1136.522
74.166, 1135.728
1752.890, 1135.402
1285.993, 1138.349
672.104, 1134.947
1259.062, 1137.510
644.331, 1135.571
1720.481, 1133.140
1205.458, 1135.981
1178.931, 1135.275
1152.343, 1134.682
1046.625, 1132.942
1020.348, 1132.699
699.700, 1134.393
111.829, 1132.837
1125.767, 1134.222
941.163, 1132.160
888.133, 1132.289
834.923, 1132.623
754.105, 1133.454
1688.754, 1130.921
1099.443, 1133.713
1073.089, 1133.186
994.014, 1132.431
808.375, 1132.679
781.353, 1133.052
727.078, 1133.854
148.252, 1130.270
967.566, 1132.270
914.806, 1132.220
861.680, 1132.314
184.068, 1127.911
1657.421, 1128.832
1626.797, 1126.790
1998.170, 1125.620
1596.568, 1125.062
218.803, 1125.777
252.704, 1123.692
1960.173, 1122.312
1566.749, 1123.155
1537.409, 1121.676
285.942, 1121.865
1923.124, 1119.196
1508.313, 1120.080
1479.558, 1118.795
318.583, 1120.018
382.015, 1116.930
350.575, 1118.317
1886.835, 1116.229
1451.067, 1117.508
1423.048, 1116.150
1851.928, 1113.556
1395.162, 1114.946
412.884, 1115.496
1367.390, 1113.860
443.329, 1114.254
1817.545, 1111.000
473.331, 1113.057
1339.896, 1112.825
502.767, 1112.050
0.092, 1110.417
1312.796, 1111.851
532.079, 1110.997
1783.954, 1108.526
589.264, 1109.376
560.827, 1110.146
1285.638, 1110.970
1258.679, 1110.110
1231.993, 1109.355
1205.231, 1108.718
617.535, 1108.590
38.983, 1107.661
1178.628, 1107.974
1152.137, 1107.516
1751.050, 1106.301
700.816, 1106.866
645.684, 1108.038
1718.816, 1104.168
1125.765, 1106.924
1099.443, 1106.533
1046.820, 1105.868
941.643, 1104.963
782.123, 1105.688
673.216, 1107.250
77.677, 1105.034
1073.142, 1106.131
1020.522, 1105.556
967.996, 1105.129
915.379, 1104.964
888.905, 1104.995
862.427, 1105.064
809.061, 1105.398
755.133, 1105.967
994.327, 1105.256
835.673, 1105.127
728.308, 1106.224
115.088, 1102.418
1687.088, 1102.061
1656.027, 1100.269
151.498, 1100.216
2034.372, 1098.138
1625.516, 1098.414
187.011, 1098.070
1595.249, 1096.872
221.349, 1096.173
1995.333, 1095.014
255.158, 1094.423
1565.696, 1095.163
1957.625, 1092.000
1536.257, 1093.660
288.480, 1092.681
1507.298, 1092.271
1478.726, 1090.973
320.605, 1091.284
1920.652, 1089.179
1450.323, 1089.776
352.786, 1089.640
1884.852, 1086.542
1422.228, 1088.570
384.046, 1088.246
445.128, 1085.999
414.866, 1087.098
1366.867, 1086.496
474.921, 1085.007
1849.728, 1084.044
1339.461, 1085.525
1312.336, 1084.669
1285.284, 1083.741
533.502, 1083.215
504.414, 1083.994
1815.485, 1081.631
1258.503, 1082.930
1205.072, 1081.674
618.867, 1081.010
562.145, 1082.295
1782.167, 1079.611
1231.649, 1082.227
1178.507, 1081.046
646.663, 1080.478
1152.090, 1080.488
1125.766, 1080.009
674.503, 1079.952
590.787, 1081.668
3.027, 1079.541
1749.204, 1077.372
1099.602, 1079.543
783.078, 1078.573
729.072, 1079.108
701.879, 1079.505
1073.306, 1079.305
1047.127, 1078.809
994.652, 1078.292
942.131, 1078.110
889.423, 1077.976
863.017, 1078.138
809.876, 1078.312
755.929, 1078.791
42.758, 1076.954
1020.870, 1078.572
968.425, 1078.075
915.943, 1078.019
836.449, 1078.140
1717.219, 1075.426
80.861, 1074.570
1685.772, 1073.605
118.163, 1072.421
1654.778, 1071.911
154.397, 1070.408
1624.212, 1070.172
189.635, 1068.473
2031.793, 1067.540
1594.153, 1068.797
1564.653, 1067.264
223.872, 1066.791
1992.822, 1064.775
1535.260, 1065.912
257.893, 1065.230
1506.455, 1064.613
290.789, 1063.863
1477.933, 1063.440
323.056, 1062.352
1918.599, 1059.396
1421.523, 1061.158
354.727, 1061.089
1449.589, 1062.174
1394.090, 1060.150
416.588, 1058.882
385.909, 1059.920
1366.379, 1059.166
1882.801, 1057.016
476.370, 1057.008
446.767, 1057.933
1338.952, 1058.334
1847.885, 1054.725
1311.793, 1057.576
1284.996, 1056.738
534.997, 1055.454
1258.172, 1056.036
1204.967, 1054.835
505.963, 1056.109
1813.734, 1052.644
1231.476, 1055.335
563.510, 1054.807
1178.593, 1054.135
1152.095, 1053.668
647.803, 1053.034
620.053, 1053.602
591.963, 1054.014
1780.485, 1050.624
1125.900, 1053.209
1099.642, 1052.842
1073.491, 1052.394
756.935, 1051.743
729.889, 1052.075
702.769, 1052.354
675.443, 1052.714
1047.295, 1052.060
994.886, 1051.716
890.008, 1051.183
863.569, 1051.170
783.968, 1051.493
1021.132, 1051.882
942.526, 1051.385
837.185, 1051.252
810.565, 1051.503
6.413, 1048.659
1747.895, 1048.776
916.307, 1051.232
1716.035, 1047.016
45.825, 1046.544
1684.550, 1045.344
83.844, 1044.474
1653.535, 1043.761
120.930, 1042.587
1623.124, 1042.228
1593.230, 1040.851
157.154, 1040.801
1563.703, 1039.562
192.114, 1039.283
2029.229, 1037.233
1534.529, 1038.201
1505.795, 1037.123
226.150, 1037.748
259.946, 1036.379
1990.427, 1034.815
1477.226, 1035.999
292.719, 1035.046
1421.244, 1034.054
1449.054, 1034.926
356.632, 1032.942
324.958, 1033.848
1953.275, 1032.235
1393.475, 1032.958
387.617, 1031.884
1916.612, 1029.881
1366.077, 1032.108
1338.747, 1031.219
1311.632, 1030.618
1284.725, 1029.896
1257.928, 1029.262
448.300, 1029.996
418.280, 1030.912
1881.047, 1027.600
564.761, 1027.434
536.203, 1027.911
507.225, 1028.481
478.055, 1029.237
1846.260, 1025.740
1231.350, 1028.543
1178.421, 1027.401
592.986, 1026.802
1204.884, 1027.908
1073.522, 1025.870
969.176, 1024.856
676.350, 1025.699
648.871, 1025.992
621.061, 1026.344
1812.401, 1023.869
1152.171, 1026.953
1099.795, 1026.063
1047.473, 1025.494
942.980, 1024.658
890.536, 1024.488
784.490, 1024.791
757.587, 1024.902
730.757, 1025.005
703.750, 1025.385
1125.986, 1026.403
1021.475, 1025.169
995.323, 1024.893
916.734, 1024.567
864.106, 1024.436
837.726, 1024.471
1779.098, 1021.977
811.178, 1024.548
1746.677, 1020.401
1714.728, 1018.772
9.550, 1018.233
1683.445, 1017.215
1652.662, 1016.000
48.697, 1016.357
86.666, 1014.478
1622.155, 1014.424
123.571, 1012.857
1592.378, 1013.038
1562.825, 1012.017
159.325, 1011.492
1533.793, 1010.899
194.385, 1010.082
1504.972, 1009.834
228.413, 1008.894
2027.310, 1007.000
1476.596, 1008.863
1448.575, 1007.932
261.615, 1007.711
294.626, 1006.562
1420.592, 1006.934
1393.130, 1006.102
358.218, 1004.651
326.743, 1005.573
1365.635, 1005.323
1951.659, 1002.585
1338.364, 1004.620
419.744, 1002.972
389.271, 1003.799
1311.433, 1003.953
1914.832, 1000.555
1231.155, 1002.079
508.453, 1001.110
449.735, 1002.343
1284.640, 1003.335
1257.883, 1002.701
1178.367, 1001.083
594.027, 999.755
565.845, 1000.172
537.313, 1000.601
479.304, 1001.523
1879.480, 998.587
1152.143, 1000.504
1099.893, 999.784
649.738, 999.026
1126.083, 1000.202
1073.777, 999.447
890.898, 998.097
677.231, 998.683
622.062, 999.320
1844.830, 996.912
1204.836, 1001.628
1021.571, 998.865
995.453, 998.699
969.520, 998.475
917.245, 998.161
811.729, 998.004
785.080, 998.112
758.343, 998.137
731.640, 998.327
704.545, 998.557
864.627, 998.089
838.371, 998.040
1811.044, 995.202
1047.707, 998.987
943.336, 998.242
1777.805, 993.491
1713.721, 990.635
1745.445, 991.910
1682.436, 989.337
12.258, 988.168
1621.432, 986.874
51.198, 986.479
1591.756, 985.743
89.019, 984.953
1562.250, 984.638
125.725, 983.603
1533.183, 983.546
161.459, 982.346
1504.460, 982.534
1448.302, 980.913
196.383, 981.151
1476.123, 981.643
230.225, 980.224
1420.248, 979.970
263.653, 979.108
296.261, 978.263
2025.449, 977.105
1392.781, 979.296
1365.235, 978.617
328.207, 977.432
1338.107, 977.985
420.854, 975.339
1311.299, 977.242
359.848, 976.671
1950.000, 973.000
1284.508, 976.563
1257.743, 976.090
1204.773, 975.000
390.566, 975.971
1178.528, 974.662
1125.985, 973.797
480.484, 974.291
451.041, 974.776
1231.207, 975.567
1073.891, 973.024
595.016, 972.656
566.819, 972.949
538.369, 973.364
509.751, 973.677
1913.586, 971.411
1152.251, 974.216
1100.007, 973.394
995.888, 972.220
917.611, 971.734
812.318, 971.543
677.988, 971.973
623.009, 972.341
1878.263, 969.748
1021.971, 972.395
838.756, 971.483
758.954, 971.498
732.273, 971.667
650.628, 972.127
1047.987, 972.797
943.672, 971.850
891.426, 971.580
865.113, 971.469
785.835, 971.414
705.292, 971.823
1843.633, 968.075
969.768, 971.962
1809.830, 966.572
1776.929, 965.307
1744.626, 963.860
1712.931, 962.636
1681.688, 961.456
1650.912, 960.435
1620.914, 959.408
14.671, 958.030
1590.948, 958.233
1561.708, 957.399
53.444, 956.786
1532.755, 956.447
91.133, 955.501
1504.010, 955.493
163.264, 953.396
127.818, 954.372
1447.792, 953.985
1420.139, 953.386
1475.761, 954.660
1365.154, 951.963
198.151, 952.449
265.087, 950.784
231.912, 951.594
1392.377, 952.535
297.679, 950.052
2024.073, 947.381
1337.993, 951.274
1284.382, 950.062
422.166, 947.856
329.747, 949.422
1310.998, 950.623
1231.112, 949.137
391.921, 948.309
361.109, 948.756
1985.704, 945.762
1178.529, 948.107
1126.142, 947.419
1048.131, 946.542
539.362, 946.292
481.641, 946.978
452.209, 947.219
1257.636, 949.542
1204.932, 948.616
1152.447, 947.805
1074.070, 946.807
651.427, 945.438
595.915, 945.869
567.825, 945.975
510.749, 946.628
1948.663, 943.901
1100.112, 946.983
970.149, 945.784
917.966, 945.362
891.908, 945.235
865.635, 945.060
839.341, 945.034
812.914, 945.066
732.978, 945.125
678.944, 945.247
1022.092, 946.312
996.159, 945.894
944.141, 945.571
786.349, 945.024
706.023, 945.126
623.859, 945.465
1912.352, 942.416
759.714, 945.015
1877.178, 940.831
1842.663, 939.580
1808.972, 938.259
1775.950, 936.939
1743.822, 936.023
1712.104, 934.807
1681.074, 933.792
1650.408, 932.827
1620.158, 931.956
1590.583, 930.983
1561.154, 930.193
1532.246, 929.455
16.513, 928.189
55.457, 927.111
1503.660, 928.529
1475.424, 927.817
1419.791, 926.547
92.949, 926.195
164.941, 924.530
129.596, 925.290
1392.209, 925.914
199.740, 923.837
1337.814, 924.741
266.431, 922.546
233.365, 923.128
1364.954, 925.299
1310.996, 924.320
1284.224, 923.725
1257.647, 923.275
1231.150, 922.835
299.097, 921.999
1178.631, 921.954
330.930, 921.525
1204.857, 922.393
362.283, 921.088
1074.301, 920.491
1048.186, 920.325
1022.409, 920.032
944.459, 919.401
624.529, 918.918
568.656, 919.120
511.555, 919.560
482.549, 919.871
453.201, 920.008
423.384, 920.222
393.187, 920.619
2022.831, 917.759
1152.422, 921.489
1126.402, 921.166
1100.326, 920.946
839.719, 918.982
679.420, 918.683
1985.000, 916.000
996.425, 919.817
970.446, 919.438
892.272, 918.983
866.171, 918.961
813.431, 918.737
733.575, 918.561
706.712, 918.554
652.053, 918.690
596.821, 918.885
540.365, 919.256
918.332, 919.173
786.854, 918.694
760.127, 918.490
1947.635, 914.781
1911.776, 913.646
1876.329, 912.346
1841.974, 911.180
1808.057, 910.027
1775.410, 908.884
1743.196, 908.006
1646.000, 907.000
1711.437, 906.979
1680.583, 906.196
1649.974, 905.343
1619.926, 904.543
1590.127, 903.809
1560.992, 903.106
1532.147, 902.430
1475.212, 901.040
1503.423, 901.730
1419.612, 899.909
18.269, 898.295
1447.218, 900.451
1392.154, 899.398
1364.911, 898.845
57.043, 897.642
1337.816, 898.416
94.522, 897.014
166.520, 895.785
131.075, 896.310
1310.922, 897.982
1204.898, 896.164
267.885, 894.433
201.109, 895.292
1284.310, 897.541
1257.577, 896.968
1231.099, 896.547
1178.628, 895.925
1152.617, 895.451
1126.403, 895.060
234.653, 894.875
1074.549, 894.564
1022.586, 893.923
944.657, 893.333
892.666, 892.933
331.984, 893.766
300.308, 893.979
1100.456, 894.922
1048.463, 894.121
569.352, 892.280
512.317, 892.509
453.990, 892.828
424.313, 892.983
394.056, 893.221
363.260, 893.311
996.689, 893.681
970.689, 893.406
734.070, 892.331
625.251, 892.206
597.494, 892.091
541.067, 892.406
483.393, 892.551
918.689, 893.085
840.198, 892.608
813.902, 892.524
787.439, 892.469
760.770, 892.204
707.246, 892.108
680.181, 892.059
652.762, 892.093
2021.898, 888.068
1983.780, 887.000
866.543, 892.675
1946.961, 886.000
1910.790, 884.809
1875.719, 884.000
1841.296, 882.864
1807.647, 881.969
1774.850, 881.068
1742.812, 880.215
1711.194, 879.416
1680.118, 878.668
1649.655, 877.920
1619.627, 877.249
1589.983, 876.656
1560.734, 875.999
1531.818, 875.537
1503.257, 875.022
1475.047, 874.314
1392.008, 872.946
1447.200, 873.915
1419.486, 873.387
1364.937, 872.438
1337.884, 872.080
1310.963, 871.639
1284.231, 871.214
1257.589, 870.864
1231.384, 870.353
1178.826, 869.745
19.985, 868.718
1204.959, 870.185
1152.781, 869.409
1126.526, 869.064
1100.627, 868.830
95.883, 867.826
58.567, 868.307
1074.693, 868.508
235.754, 866.687
202.191, 866.902
167.720, 867.041
132.333, 867.488
1048.784, 868.274
1022.811, 867.843
996.908, 867.705
970.957, 867.534
734.553, 865.959
625.825, 865.584
454.781, 865.673
394.825, 865.866
364.294, 865.860
332.967, 866.006
301.253, 866.187
268.901, 866.411
893.115, 866.849
866.807, 866.622
680.596, 865.810
597.985, 865.552
541.917, 865.478
425.026, 865.722
945.145, 867.209
919.048, 867.049
840.615, 866.459
814.290, 866.128
787.759, 866.118
761.190, 866.020
707.785, 865.895
653.341, 865.686
570.077, 865.476
513.157, 865.603
484.281, 865.628
2021.440, 858.783
1983.152, 857.859
1946.378, 856.944
1910.216, 855.947
1875.232, 855.206
1840.930, 854.511
1807.288, 853.782
1742.431, 852.422
1679.987, 851.206
1710.947, 851.793
1649.608, 850.605
1619.448, 849.944
1589.849, 849.482
1560.655, 849.040
1531.913, 848.581
1475.021, 847.699
1503.104, 848.128
1447.179, 847.283
1392.010, 846.456
1419.495, 846.801
1364.934, 845.964
1310.964, 845.295
1337.910, 845.590
1284.349, 844.915
1205.156, 843.941
1257.770, 844.484
1231.452, 844.230
1178.987, 843.712
1153.041, 843.270
1074.886, 842.588
997.121, 841.745
1126.847, 843.019
1100.804, 842.859
1048.914, 842.277
971.289, 841.538
919.379, 841.036
945.425, 841.187
893.379, 840.939
841.002, 840.369
708.111, 839.524
425.658, 838.529
236.631, 838.454
203.012, 838.483
168.376, 838.743
133.242, 838.647
96.829, 838.872
59.659, 839.000
21.303, 839.186
1023.053, 841.994
814.588, 840.233
788.043, 839.967
735.042, 839.611
681.069, 839.322
653.909, 839.245
570.654, 838.983
395.549, 838.465
365.025, 838.389
333.822, 838.397
302.130, 838.389
269.744, 838.405
867.120, 840.558
761.492, 839.807
542.338, 838.823
455.487, 838.436
626.353, 839.009
598.646, 839.048
513.849, 838.616
2020.921, 829.224
1982.765, 828.561
1945.868, 827.946
1909.834, 827.317
1875.061, 826.777
1840.611, 826.213
1807.135, 825.710
1774.450, 825.241
1742.324, 824.779
1710.978, 824.292
1649.479, 823.423
1679.803, 823.882
1619.455, 822.978
1560.739, 822.205
1503.320, 821.460
1447.274, 820.786
1531.708, 821.872
1475.108, 821.126
1419.681, 820.406
1392.169, 819.969
1364.996, 819.683
1337.988, 819.398
1179.090, 817.692
1311.204, 819.059
1284.471, 818.720
1257.996, 818.527
1231.665, 818.195
1205.358, 817.986
1153.142, 817.435
1126.960, 817.116
1101.026, 816.922
1049.143, 816.445
1075.160, 816.552
815.012, 814.136
1023.083, 815.921
997.584, 815.744
971.442, 815.533
919.560, 815.007
867.451, 814.687
708.530, 813.258
945.570, 815.273
893.602, 814.785
761.936, 813.708
654.194, 812.943
841.231, 814.352
788.573, 813.892
735.464, 813.343
681.613, 812.951
626.841, 812.569
542.860, 812.010
514.271, 811.971
455.999, 811.502
426.277, 811.225
396.038, 811.246
365.548, 810.989
599.141, 812.377
571.143, 812.202
485.283, 811.701
334.279, 810.843
302.812, 810.616
270.349, 810.449
237.377, 810.378
203.863, 810.074
169.517, 810.005
134.129, 809.950
97.995, 809.804
60.677, 809.725
22.125, 809.707
2021.000, 800.000
1982.755, 799.465
1945.866, 798.999
1910.285, 798.887
1616.000, 798.000
1875.025, 798.364
1840.646, 798.018
1807.138, 797.726
1774.330, 797.423
1742.387, 797.018
1710.888, 796.846
1679.913, 796.459
1649.456, 796.069
1619.489, 795.970
1589.949, 795.566
1532.016, 795.022
1560.779, 795.395
1503.441, 794.826
1475.260, 794.562
1419.747, 794.011
1365.140, 793.450
1447.512, 794.265
1392.158, 793.759
1338.166, 793.245
1311.477, 792.899
1258.099, 792.498
1231.815, 792.256
1284.630, 792.592
1205.531, 792.080
1179.430, 791.666
1153.326, 791.482
1127.276, 791.111
1075.448, 790.602
1101.272, 790.923
1049.288, 790.378
919.998, 789.104
893.819, 788.921
971.866, 789.564
945.952, 789.429
997.903, 789.920
867.789, 788.489
841.589, 788.344
815.224, 788.149
788.995, 787.893
681.928, 786.720
762.381, 787.524
735.808, 787.215
708.922, 786.835
627.111, 786.126
543.088, 785.381
514.748, 784.992
654.691, 786.452
599.498, 785.915
571.468, 785.598
485.760, 784.796
456.455, 784.391
426.784, 784.086
396.663, 783.845
366.123, 783.579
334.890, 783.229
302.977, 782.987
271.042, 782.609
237.984, 782.253
204.476, 782.001
169.945, 781.580
134.802, 781.289
98.500, 781.017
61.234, 780.610
22.761, 780.279
2021.000, 770.578
1023.567, 790.097
1982.952, 770.522
1946.135, 770.239
1910.264, 770.197
1875.034, 769.934
1840.789, 769.898
1807.301, 769.751
1774.757, 769.488
1742.665, 769.418
1711.090, 769.290
1680.192, 769.112
1649.753, 768.974
1619.701, 768.771
1590.166, 768.538
1560.979, 768.393
1532.086, 768.396
1503.625, 768.055
1475.499, 767.924
1447.667, 767.810
1419.904, 767.563
1392.539, 767.267
1338.360, 766.994
1231.906, 766.147
1311.562, 766.794
1365.455, 767.119
1284.921, 766.522
1258.449, 766.183
1179.616, 765.820
1205.894, 765.940
1127.435, 765.237
867.866, 762.582
1153.582, 765.563
1101.535, 764.932
1075.707, 764.822
1023.737, 764.447
997.957, 764.177
1049.896, 764.386
946.011, 763.505
920.169, 763.231
971.960, 763.793
894.048, 762.932
841.843, 762.298
815.499, 762.006
735.893, 761.120
709.125, 760.760
789.176, 761.651
762.614, 761.276
654.911, 760.059
599.813, 759.306
682.250, 760.356
627.444, 759.792
543.460, 758.728
456.729, 757.442
486.093, 757.781
397.009, 756.552
571.744, 759.045
514.896, 758.224
427.104, 757.038
335.147, 755.620
366.413, 756.141
271.207, 754.704
303.456, 755.166
238.365, 754.251
204.921, 753.805
170.236, 753.177
134.978, 752.544
98.887, 751.953
61.689, 751.425
23.294, 750.803
1876.000, 742.000
1946.500, 741.000
1910.560, 741.545
1841.219, 741.660
1807.893, 741.700
1680.531, 741.744
1650.108, 741.789
1620.085, 741.838
2021.501, 741.124
1983.251, 741.322
1775.057, 741.757
1742.943, 741.748
1711.385, 741.784
1561.259, 741.535
1475.739, 741.331
1590.387, 741.629
1532.301, 741.517
1503.962, 741.400
1447.882, 741.394
1365.700, 740.902
1338.699, 740.692
1419.920, 741.181
1392.973, 741.051
1311.875, 740.446
1258.638, 740.176
1206.119, 739.898
1153.797, 739.507
1285.087, 740.520
1127.807, 739.231
1049.933, 738.517
998.278, 738.179
1232.352, 740.085
1179.788, 739.683
1101.876, 738.984
1075.901, 738.794
972.264, 738.008
946.339, 737.566
894.415, 736.979
842.035, 736.291
920.403, 737.245
815.743, 735.981
1024.189, 738.422
868.268, 736.525
736.112, 734.978
789.353, 735.651
762.767, 735.288
655.037, 733.733
709.416, 734.413
682.407, 734.058
627.673, 733.243
599.965, 732.824
571.967, 732.328
515.071, 731.397
486.212, 730.904
543.771, 731.921
456.968, 730.380
427.246, 729.828
397.080, 729.309
366.529, 728.717
335.355, 727.956
303.712, 727.482
271.528, 726.863
238.516, 726.100
205.007, 725.420
170.473, 724.724
135.058, 724.009
99.035, 723.052
61.718, 722.291
23.433, 721.305
1808.463, 714.000
1650.564, 714.482
1775.621, 713.872
1743.425, 714.020
1712.003, 714.204
1681.082, 714.427
1620.552, 714.573
1532.877, 714.622
1504.422, 714.783
1448.294, 714.628
1420.694, 714.684
1393.245, 714.585
1312.117, 714.428
2022.268, 712.000
1984.000, 712.000
1947.236, 712.704
1911.170, 712.883
1875.977, 713.185
1841.969, 713.475
1561.748, 714.794
1475.983, 714.698
1365.983, 714.469
1338.989, 714.411
1285.509, 714.180
1232.610, 714.011
1206.465, 713.939
1180.055, 713.711
1154.059, 713.440
1258.918, 714.133
1128.049, 713.367
1102.030, 713.079
1076.141, 712.950
1050.343, 712.596
1024.366, 712.455
972.441, 712.058
946.640, 711.620
998.403, 712.228
868.462, 710.644
920.603, 711.316
815.911, 709.944
894.601, 710.945
789.552, 709.440
762.885, 709.065
842.332, 710.328
736.420, 708.642
655.179, 707.358
709.625, 708.070
682.480, 707.794
627.757, 706.880
600.240, 706.286
572.094, 705.680
543.919, 705.098
457.002, 703.351
515.301, 704.523
486.301, 703.878
427.257, 702.663
397.185, 701.999
366.571, 701.199
335.374, 700.513
303.566, 699.714
271.456, 698.911
238.413, 698.181
170.321, 696.000
204.977, 697.040
135.083, 695.284
98.809, 694.149
61.504, 693.068
23.182, 691.783
1533.400, 687.973
1312.554, 688.186
1621.053, 687.418
1591.486, 687.609
1504.943, 687.955
1476.737, 687.977
1448.903, 688.087
1366.283, 688.153
1232.939, 688.038
1809.036, 685.659
1776.286, 685.996
1744.064, 686.291
1712.727, 686.629
1681.571, 686.968
1651.128, 687.162
1562.192, 687.627
1421.326, 688.241
1393.702, 688.163
1339.512, 688.096
1206.635, 687.914
1154.316, 687.340
1102.419, 687.049
1024.664, 686.438
1877.000, 684.825
1842.660, 685.211
1285.916, 687.984
1259.373, 688.023
1076.468, 686.905
1050.583, 686.690
998.745, 686.116
972.864, 685.898
920.974, 685.228
1948.171, 683.685
1912.141, 684.210
1180.449, 687.587
1128.404, 687.288
2023.205, 682.334
1985.142, 682.990
946.887, 685.506
894.765, 685.031
868.688, 684.549
842.431, 684.118
789.575, 683.301
816.086, 683.841
655.296, 680.929
763.081, 683.019
736.597, 682.379
709.674, 681.954
682.576, 681.425
627.838, 680.213
600.172, 679.643
572.115, 678.998
543.920, 678.388
515.159, 677.681
486.302, 676.968
456.962, 676.148
427.241, 675.474
397.160, 674.656
366.447, 673.858
335.210, 672.822
303.432, 671.963
243.000, 670.000
271.101, 670.912
238.146, 669.860
204.644, 668.811
170.059, 667.597
134.639, 666.390
98.499, 665.023
61.123, 663.642
1421.721, 661.645
1477.080, 661.399
1366.862, 661.807
1339.874, 661.971
1233.306, 661.960
1207.013, 661.681
1102.726, 661.073
1621.932, 660.120
1562.846, 660.821
1534.053, 661.004
1505.338, 661.234
1449.319, 661.563
1312.995, 661.929
1286.391, 661.876
1259.774, 661.933
1180.940, 661.579
1154.643, 661.560
1024.979, 660.465
1745.160, 658.564
1713.407, 659.031
1651.841, 659.774
1591.988, 660.518
1393.966, 661.833
1076.748, 660.961
999.036, 660.144
1777.220, 658.051
1682.333, 659.387
1128.772, 661.363
1050.871, 660.689
973.090, 659.798
947.025, 659.598
1878.000, 656.000
1843.649, 656.792
1810.067, 657.493
895.028, 658.868
868.851, 658.314
816.203, 657.586
789.765, 657.019
921.053, 659.158
842.523, 658.006
1986.318, 654.000
1949.256, 654.847
1913.010, 655.462
763.104, 656.622
736.644, 656.088
709.674, 655.444
2024.376, 652.935
682.609, 654.889
627.857, 653.700
600.089, 653.106
655.332, 654.326
571.967, 652.483
543.879, 651.436
515.089, 650.789
486.233, 649.905
456.845, 649.072
427.137, 648.140
396.891, 647.122
366.208, 646.185
334.994, 645.066
303.311, 644.039
270.679, 642.922
237.661, 641.724
204.147, 640.379
169.774, 638.976
134.332, 637.471
97.823, 636.059
1394.861, 635.209
1181.201, 635.415
1506.103, 634.361
1477.842, 634.634
1449.895, 634.756
1422.130, 635.098
1367.431, 635.321
1340.332, 635.533
1313.438, 635.460
1260.041, 635.605
1233.836, 635.492
1207.498, 635.493
1154.920, 635.379
1129.013, 635.152
999.177, 634.142
60.545, 634.381
1622.698, 632.764
1563.663, 633.765
1534.771, 634.008
1102.959, 635.042
1077.049, 634.880
1051.099, 634.651
973.357, 633.907
21.904, 632.599
1652.904, 632.479
1592.895, 633.294
1286.798, 635.487
1025.094, 634.372
947.167, 633.496
1746.066, 630.777
1714.304, 631.356
1683.370, 631.962
921.250, 633.106
1778.326, 629.936
895.117, 632.674
868.898, 632.263
842.630, 631.888
816.291, 631.391
1811.186, 629.269
1879.437, 627.567
1844.857, 628.407
789.827, 630.954
763.206, 630.317
682.583, 628.465
1914.501, 626.623
736.593, 629.823
709.723, 629.103
627.724, 627.014
1950.839, 625.592
655.277, 627.865
599.987, 626.260
1987.986, 624.370
2026.000, 623.000
572.011, 625.520
543.682, 624.684
514.953, 623.825
485.929, 622.812
456.583, 621.864
426.777, 620.849
396.592, 619.732
365.878, 618.577
334.411, 617.295
302.744, 616.074
270.218, 614.693
237.237, 613.330
203.579, 611.869
168.887, 610.313
1368.089, 608.876
1234.248, 609.319
1314.135, 609.144
1287.281, 609.106
1260.722, 609.341
1051.419, 608.480
133.516, 608.592
1478.606, 607.803
1450.626, 608.025
1422.994, 608.381
1395.331, 608.533
1341.016, 609.024
1208.096, 609.226
1181.610, 609.189
1155.433, 609.105
1129.323, 608.973
1103.360, 608.867
973.509, 607.636
97.033, 606.780
1623.783, 605.430
1564.527, 606.524
1535.517, 606.964
1506.919, 607.353
1025.409, 608.206
921.445, 606.944
1593.883, 605.999
1077.423, 608.683
999.518, 607.885
947.407, 607.399
895.324, 606.497
869.001, 606.072
842.740, 605.616
1684.361, 604.258
1653.717, 604.926
1747.407, 602.787
1715.478, 603.517
816.453, 605.109
789.864, 604.459
763.189, 603.869
20.972, 602.921
1779.479, 601.753
1812.540, 600.949
736.580, 603.233
709.644, 602.525
1846.282, 599.909
682.540, 601.867
1880.728, 598.830
599.753, 599.498
1916.114, 597.616
655.233, 601.064
627.624, 600.409
1952.487, 596.394
571.693, 598.508
1989.569, 595.000
543.405, 597.601
514.737, 596.670
485.529, 595.652
2028.164, 593.460
456.140, 594.530
426.384, 593.387
396.070, 592.191
365.372, 590.850
334.018, 589.405
302.112, 587.940
269.634, 586.423
236.475, 584.926
1155.922, 582.896
202.751, 583.266
1396.165, 581.928
1368.850, 582.169
1234.747, 582.943
1451.423, 581.282
1341.662, 582.415
1314.696, 582.567
1261.231, 582.953
1208.386, 582.973
1182.051, 582.965
1077.602, 582.428
168.075, 581.453
1536.467, 579.872
1507.833, 580.322
1479.459, 580.854
1423.703, 581.657
1287.860, 582.841
1129.832, 582.682
1103.654, 582.734
1051.657, 582.217
1025.642, 581.942
947.609, 580.979
132.359, 579.511
973.593, 581.328
895.392, 580.243
1624.707, 578.003
1565.492, 579.283
999.647, 581.731
921.578, 580.717
869.124, 579.779
1685.626, 576.525
1654.877, 577.292
1594.760, 578.657
816.372, 578.636
95.956, 577.417
1717.037, 575.580
842.809, 579.060
789.888, 578.098
1748.636, 574.676
763.048, 577.515
736.515, 576.884
709.495, 575.942
1781.104, 573.561
1814.120, 572.499
682.358, 575.219
654.944, 574.279
19.614, 572.988
1848.000, 571.244
599.479, 572.582
627.365, 573.447
1882.549, 569.840
571.394, 571.553
1917.928, 568.535
542.968, 570.516
1954.508, 567.000
514.159, 569.305
485.139, 568.239
1991.721, 565.349
455.717, 567.027
425.829, 565.814
395.448, 564.581
2030.112, 563.553
364.636, 562.986
333.244, 561.565
301.164, 559.796
268.728, 558.155
235.453, 556.411
1261.869, 556.335
1182.535, 556.497
1156.247, 556.562
1622.000, 554.000
1315.372, 555.949
1288.467, 556.085
1235.249, 556.463
1209.026, 556.614
1130.055, 556.378
1104.028, 556.200
1078.024, 556.178
1480.423, 553.885
1452.258, 554.246
1397.100, 555.073
1369.485, 555.375
1342.246, 555.884
1051.995, 555.951
1025.982, 555.623
999.878, 555.386
973.917, 555.076
201.628, 554.444
1424.603, 554.741
1537.554, 552.603
1508.862, 553.213
947.811, 554.677
921.796, 554.259
166.728, 552.321
1566.674, 551.938
895.548, 553.824
869.080, 553.378
789.801, 551.418
1596.008, 551.186
763.047, 550.781
131.143, 550.228
1686.884, 548.577
1656.127, 549.562
1625.834, 550.468
842.887, 552.794
816.266, 552.138
736.253, 550.015
94.679, 548.005
1718.245, 547.518
709.311, 549.314
682.086, 548.281
654.653, 547.740
626.994, 546.622
1750.133, 546.445
56.701, 545.543
1782.644, 545.186
1815.731, 543.930
599.218, 545.569
571.026, 544.478
1849.743, 542.456
542.590, 543.429
17.993, 543.160
1884.314, 540.943
513.756, 542.097
1920.000, 539.000
484.504, 540.920
1956.666, 537.512
454.992, 539.553
425.088, 538.042
1994.069, 535.581
394.660, 536.575
2032.706, 533.539
363.762, 534.986
332.220, 533.337
300.443, 531.474
1289.145, 529.490
1262.455, 529.678
1183.108, 529.996
1156.829, 530.038
1078.346, 529.724
267.462, 529.635
1370.269, 528.685
1343.096, 529.078
1316.016, 529.262
1235.833, 529.848
1209.411, 530.002
1104.438, 529.927
1052.194, 529.435
1130.501, 530.064
1000.139, 529.027
974.040, 528.515
234.256, 527.672
1481.442, 526.635
1425.375, 527.669
1397.840, 528.134
1026.214, 529.290
947.953, 528.191
921.755, 527.712
895.602, 527.330
1509.882, 525.926
1453.184, 527.213
200.384, 525.569
1567.889, 524.508
869.193, 526.823
842.802, 526.127
816.208, 525.661
789.668, 524.953
165.348, 523.281
1627.330, 522.670
1597.186, 523.594
1538.617, 525.130
762.849, 524.230
1657.779, 521.641
736.178, 523.447
709.147, 522.386
681.750, 521.558
129.528, 520.784
1688.547, 520.477
654.253, 520.676
1719.870, 519.247
626.614, 519.553
92.871, 518.134
1751.980, 517.914
1784.499, 516.594
570.386, 517.230
598.705, 518.413
55.050, 515.651
1817.679, 515.007
541.926, 516.029
1851.799, 513.451
513.089, 514.701
483.828, 513.210
16.046, 512.670
1886.458, 511.724
454.205, 511.738
1922.262, 509.806
424.240, 510.218
1958.913, 507.781
393.811, 508.558
1996.584, 505.620
362.823, 506.886
331.162, 504.967
2035.333, 503.205
1157.158, 503.308
299.119, 503.099
1263.151, 502.915
1236.439, 503.002
1183.523, 503.299
1104.755, 503.346
1398.779, 501.019
1343.989, 501.962
1316.882, 502.318
1289.903, 502.693
1209.934, 503.247
1130.899, 503.376
1078.655, 503.125
1052.556, 502.937
1026.495, 502.728
1000.420, 502.342
974.178, 502.020
266.233, 500.976
1426.304, 500.426
1371.327, 501.454
947.884, 501.643
921.851, 501.085
895.591, 500.728
869.168, 500.101
1540.035, 497.662
1511.021, 498.486
1482.556, 499.178
1454.366, 499.983
842.782, 499.416
232.980, 498.814
1569.147, 496.810
816.165, 498.809
1598.835, 495.786
789.509, 497.989
762.701, 497.132
198.845, 496.413
1628.817, 494.705
735.845, 496.442
708.691, 495.500
653.812, 493.453
163.810, 493.974
1659.225, 493.618
681.340, 494.437
1690.263, 492.239
1721.789, 490.839
626.233, 492.363
128.044, 491.225
1753.831, 489.453
597.999, 491.094
569.827, 489.993
91.000, 488.372
1786.464, 487.817
541.238, 488.399
1819.927, 486.070
512.285, 487.014
483.036, 485.460
53.092, 485.374
1854.057, 484.172
453.358, 483.871
1888.896, 482.304
423.160, 482.123
13.762, 482.230
1925.040, 480.051
392.651, 480.270
1961.561, 477.862
361.590, 478.507
329.868, 476.483
1999.531, 475.000
1184.092, 476.323
1131.498, 476.557
1105.259, 476.458
1078.943, 476.349
1263.895, 475.952
1237.125, 476.158
1210.553, 476.412
1157.795, 476.456
1000.515, 475.654
1372.222, 474.363
1344.883, 474.825
1290.741, 475.675
1026.585, 475.956
297.713, 474.280
2038.534, 472.647
1597.000, 472.000
1427.625, 473.205
1317.709, 475.370
1052.854, 476.261
974.361, 475.308
948.084, 474.881
895.556, 473.880
869.078, 473.253
1455.511, 472.490
1399.772, 473.810
921.951, 474.427
842.584, 472.578
264.883, 472.123
1483.863, 471.735
231.000, 470.000
1512.413, 470.888
816.069, 471.799
789.335, 471.024
1541.300, 469.905
1570.720, 468.863
762.330, 470.303
735.537, 469.280
197.026, 467.121
1630.440, 466.525
1600.377, 467.707
708.388, 468.344
680.934, 467.158
1661.020, 465.257
653.265, 465.994
625.680, 464.847
161.911, 464.271
1692.032, 463.829
597.404, 463.631
1723.647, 462.252
568.966, 462.162
125.967, 461.420
1755.880, 460.569
540.431, 460.893
1788.766, 458.786
511.371, 459.260
88.852, 458.295
1822.223, 456.893
482.126, 457.589
50.615, 455.000
1856.553, 454.807
452.273, 455.843
1891.764, 452.650
422.070, 453.990
11.000, 451.430
1927.751, 450.183
391.515, 451.917
360.224, 449.995
1158.382, 449.486
1105.726, 449.521
1964.757, 447.643
1211.186, 449.290
1132.033, 449.632
1079.429, 449.333
1027.025, 449.019
1345.869, 447.609
1291.512, 448.607
1237.871, 449.053
1184.898, 449.422
1053.119, 449.189
1000.758, 448.657
974.491, 448.312
328.460, 447.794
1373.226, 446.963
1318.679, 448.001
1264.566, 448.870
922.085, 447.426
2002.830, 444.904
1428.760, 445.674
948.138, 447.838
895.455, 446.870
868.989, 446.157
296.365, 445.446
1400.955, 446.261
815.829, 444.722
1513.952, 442.987
1485.092, 444.029
1456.712, 444.832
842.513, 445.461
2042.009, 441.815
263.179, 442.913
1542.863, 441.891
1572.252, 440.856
789.048, 443.806
762.012, 442.911
735.095, 441.980
229.546, 440.280
1601.996, 439.521
680.415, 439.816
1632.252, 438.143
707.965, 440.963
652.890, 438.478
195.092, 437.364
624.917, 437.201
1694.110, 435.098
1662.938, 436.694
596.705, 435.850
568.181, 434.408
1725.849, 433.396
159.871, 434.407
1758.156, 431.524
539.554, 432.837
123.591, 431.279
1791.251, 429.586
510.506, 431.247
481.074, 429.328
86.264, 428.065
1824.799, 427.416
1859.374, 425.093
451.167, 427.503
420.880, 425.575
47.787, 424.187
389.943, 423.499
1894.410, 422.574
1211.970, 422.247
1185.389, 422.345
1132.456, 422.462
1238.705, 421.982
1027.251, 421.921
1930.924, 419.809
1265.505, 421.485
1158.914, 422.490
1106.089, 422.321
1079.831, 422.245
1053.524, 422.233
358.833, 421.116
8.257, 420.323
1346.950, 420.153
1319.624, 420.694
1292.517, 421.148
1000.886, 421.561
921.968, 420.187
1401.992, 418.916
1374.462, 419.472
974.603, 421.215
948.336, 420.785
326.973, 418.855
1967.973, 417.066
1429.942, 417.950
895.555, 419.764
1458.124, 417.085
869.026, 418.919
842.363, 418.083
788.756, 416.562
294.540, 416.256
2006.242, 414.000
1515.410, 414.933
1486.590, 416.090
815.573, 417.366
734.675, 414.510
1544.602, 413.765
261.105, 413.559
1604.174, 411.000
1574.038, 412.437
761.742, 415.601
707.429, 413.363
2045.892, 410.422
679.864, 412.219
652.036, 410.974
227.574, 410.697
1634.090, 409.480
624.110, 409.460
1665.011, 407.896
192.999, 407.542
1696.323, 406.173
595.882, 408.032
567.379, 406.332
1728.152, 404.349
538.541, 404.810
157.484, 404.494
1760.591, 402.331
509.384, 403.026
120.917, 400.881
1793.835, 399.987
479.863, 401.033
1827.751, 397.505
449.890, 399.104
419.400, 396.943
83.641, 397.243
1862.404, 395.008
1293.484, 393.614
1239.535, 394.319
1186.110, 394.790
1159.510, 395.127
1080.240, 395.110
388.530, 394.633
1266.436, 394.080
1212.723, 394.556
1132.973, 395.234
1106.624, 395.195
1053.922, 394.995
44.892, 393.301
1897.751, 392.375
1320.646, 393.012
1027.542, 394.707
1001.161, 394.352
974.777, 393.943
357.123, 392.230
1375.577, 391.686
921.957, 392.816
895.391, 392.329
1934.445, 389.211
1403.344, 390.911
1348.023, 392.560
948.488, 393.495
868.865, 391.452
1431.303, 389.911
842.090, 390.857
815.274, 389.972
325.148, 389.709
4.970, 388.980
1488.319, 387.694
1459.626, 388.947
788.446, 388.996
1517.085, 386.667
1971.602, 386.069
761.350, 388.092
734.137, 386.930
292.685, 386.836
1546.285, 385.282
679.201, 384.445
2010.287, 382.671
706.807, 385.704
259.170, 383.869
1605.942, 382.392
1575.980, 383.826
651.317, 382.983
623.274, 381.629
225.254, 380.813
1636.309, 380.746
594.997, 379.888
1667.195, 379.005
1698.761, 377.064
566.338, 378.223
190.498, 377.510
1730.693, 374.964
537.492, 376.450
508.148, 374.571
154.881, 374.061
1763.389, 372.620
478.420, 372.565
1796.815, 370.125
118.061, 370.253
448.368, 370.255
1830.847, 367.541
417.894, 367.999
1133.600, 367.478
80.581, 366.302
1240.338, 366.650
1160.134, 367.260
1107.056, 367.535
1080.600, 367.303
1001.352, 366.740
1865.672, 364.753
1321.808, 365.162
1294.415, 365.709
1267.326, 366.273
974.864, 366.186
921.899, 365.273
386.933, 365.512
1349.226, 364.364
1213.474, 367.063
1054.157, 367.256
1027.629, 367.224
895.309, 364.565
841.816, 362.886
1901.419, 361.729
1186.770, 367.266
948.437, 365.876
868.656, 363.938
355.298, 362.906
41.649, 362.024
1404.905, 362.752
1376.868, 363.674
1461.264, 360.618
1432.945, 361.655
815.065, 362.246
788.012, 361.085
323.063, 360.096
760.929, 360.167
1937.996, 358.493
1490.016, 359.313
706.075, 357.669
290.439, 357.222
1.407, 357.325
1548.287, 356.585
1518.995, 358.015
733.554, 358.966
1975.568, 354.914
678.291, 356.201
650.500, 354.767
1608.049, 353.409
1578.079, 355.023
256.801, 353.957
2014.469, 351.273
1638.659, 351.502
622.303, 353.143
593.975, 351.405
222.870, 350.646
1669.744, 349.663
1701.294, 347.483
565.142, 349.520
536.149, 347.630
187.777, 347.044
1733.541, 345.240
506.865, 345.579
477.012, 343.428
1766.241, 342.774
151.983, 343.205
1799.761, 340.160
446.824, 341.222
1214.397, 339.029
1107.584, 339.617
1081.041, 339.501
1054.455, 339.403
1268.312, 338.215
1241.282, 338.687
1187.676, 339.364
974.931, 338.438
416.085, 338.689
115.063, 339.167
1833.931, 337.323
1134.098, 339.768
1081.000, 336.000
948.467, 338.018
1295.447, 337.669
1160.786, 339.459
1028.096, 339.156
1001.499, 338.932
921.894, 337.390
895.168, 336.823
1869.170, 334.248
1350.538, 336.211
1322.973, 336.945
868.462, 336.044
384.911, 336.015
77.029, 334.934
1406.300, 334.319
1378.226, 335.372
895.000, 333.000
841.626, 335.136
868.000, 332.000
814.623, 334.162
787.460, 333.071
353.149, 333.309
1905.165, 330.890
1462.968, 332.057
1434.523, 333.140
814.000, 330.000
760.253, 331.977
787.000, 329.000
320.818, 330.184
37.864, 330.340
1491.748, 330.727
732.931, 330.560
1520.943, 329.244
705.313, 329.212
1941.934, 327.279
677.485, 327.785
1580.217, 326.113
287.915, 327.022
1550.337, 327.494
649.558, 326.300
1980.000, 323.633
1610.401, 324.206
621.272, 324.609
254.171, 323.662
1641.087, 322.239
592.827, 322.857
2019.000, 319.300
1672.374, 320.070
1161.000, 319.000
563.920, 320.885
220.024, 320.096
1704.215, 317.750
1187.000, 316.000
534.833, 318.727
184.782, 316.216
1736.450, 315.207
505.204, 316.541
475.317, 314.282
1769.507, 312.626
1134.893, 311.692
148.720, 312.236
1215.134, 311.021
1081.515, 311.666
1803.084, 309.745
1269.435, 309.992
1242.257, 310.497
1188.298, 311.174
1108.044, 311.520
1054.966, 311.482
444.971, 311.904
1296.828, 309.426
975.081, 310.417
921.845, 309.438
1324.189, 308.674
1161.311, 311.490
1028.311, 311.131
1001.762, 310.815
414.210, 309.211
1379.827, 306.863
1351.839, 307.787
948.564, 309.949
895.033, 308.537
111.591, 307.847
1837.585, 306.583
868.325, 307.751
841.201, 306.955
814.106, 305.905
786.818, 304.785
382.904, 306.339
1873.106, 303.202
1436.185, 304.526
1407.802, 305.716
73.347, 303.196
1464.795, 303.217
759.703, 303.575
732.247, 302.492
351.038, 303.329
1493.688, 301.758
1909.062, 299.589
704.479, 301.017
318.380, 300.101
1522.947, 300.270
676.635, 299.302
1552.453, 298.481
564.000, 297.000
33.780, 298.033
1582.510, 296.664
1946.499, 295.602
648.491, 297.587
620.124, 295.848
285.266, 296.800
1612.828, 294.681
591.375, 293.903
1984.669, 291.540
1643.753, 292.480
251.421, 293.043
1675.173, 290.121
562.521, 291.797
216.983, 289.174
2024.000, 287.000
533.260, 289.597
1707.082, 287.580
503.608, 287.317
1739.703, 284.867
473.552, 284.875
181.570, 285.076
1055.257, 283.152
1772.962, 281.903
1435.000, 281.000
1243.315, 281.955
1216.236, 282.348
1189.148, 282.739
1135.427, 283.245
1108.566, 283.364
1081.934, 283.292
1028.559, 282.935
975.125, 282.171
1270.526, 281.346
1162.306, 283.019
1001.930, 282.514
442.996, 282.164
1297.914, 280.710
921.706, 280.961
145.201, 280.686
1806.780, 278.843
1353.344, 278.930
1325.527, 279.930
948.503, 281.763
894.893, 280.238
867.941, 279.287
840.849, 278.295
412.122, 279.337
1381.168, 277.990
1841.594, 275.376
1409.568, 276.740
813.794, 277.344
786.373, 276.257
380.590, 276.279
107.696, 275.979
758.921, 275.074
1466.749, 273.886
1438.104, 275.407
1877.191, 271.696
731.414, 273.510
348.557, 273.058
1495.700, 272.463
703.667, 271.949
1525.016, 270.839
69.205, 270.927
675.650, 270.281
315.825, 269.605
1913.634, 267.753
1554.880, 268.918
647.411, 268.548
1584.994, 266.873
619.048, 266.675
282.451, 266.010
29.402, 265.465
1615.561, 264.638
590.186, 264.643
1951.036, 263.523
1646.659, 262.263
561.009, 262.355
248.438, 262.125
1989.573, 258.885
1678.184, 259.811
531.670, 260.173
213.663, 258.005
1710.336, 256.987
501.873, 257.552
1109.077, 254.638
2029.561, 253.976
1743.152, 253.922
1082.449, 254.632
1217.084, 253.584
1190.008, 254.069
1163.043, 254.315
1136.058, 254.478
1055.589, 254.448
1028.861, 254.179
1002.049, 253.930
471.645, 254.942
177.978, 253.455
1244.387, 253.088
975.282, 253.423
948.487, 252.901
1776.532, 250.898
1299.122, 251.731
1271.674, 252.493
921.594, 252.171
441.055, 252.217
1326.912, 250.773
894.618, 251.389
1354.985, 249.766
867.559, 250.458
840.507, 249.525
409.889, 249.109
141.333, 248.728
1810.761, 247.411
1411.262, 247.352
1382.941, 248.699
813.117, 248.423
785.713, 247.193
1439.992, 245.919
758.283, 245.814
378.093, 245.848
1845.777, 243.691
1468.784, 244.383
103.514, 243.606
730.566, 244.256
1497.965, 242.818
702.659, 242.745
345.828, 242.351
1881.731, 239.738
1527.314, 240.964
674.561, 241.021
1557.376, 238.907
646.135, 239.175
313.000, 238.727
64.714, 238.110
1918.415, 235.477
1587.670, 236.724
617.598, 237.195
1618.428, 234.308
279.289, 234.743
588.691, 234.999
559.500, 232.644
1956.271, 230.914
1649.681, 231.771
529.869, 230.169
245.163, 230.605
499.852, 227.442
1995.186, 225.949
1713.920, 225.998
210.055, 226.215
1163.932, 225.283
1109.890, 225.620
1082.937, 225.652
1056.049, 225.546
1136.814, 225.435
1029.044, 225.266
1746.866, 222.760
1245.524, 223.876
1218.157, 224.415
1190.964, 224.974
1002.283, 225.005
975.404, 224.439
469.472, 224.651
1273.023, 223.148
948.437, 223.844
921.506, 223.134
2035.336, 220.691
1328.480, 221.306
1300.626, 222.284
894.353, 222.285
174.027, 221.386
1356.502, 220.234
867.212, 221.365
438.633, 221.572
1780.514, 219.365
839.954, 220.274
1384.790, 219.058
812.579, 219.129
407.295, 218.342
1413.222, 217.617
785.089, 217.814
757.456, 216.433
136.869, 216.164
1814.895, 215.676
1442.045, 216.100
1470.875, 214.486
375.486, 214.953
729.597, 214.778
701.554, 213.151
1500.137, 212.686
1850.236, 211.580
342.938, 211.309
1529.954, 210.568
673.318, 211.279
99.006, 210.702
1560.064, 208.412
644.958, 209.355
1886.487, 207.355
309.642, 207.220
616.137, 207.300
1590.545, 206.015
59.721, 204.761
587.067, 204.966
1923.925, 202.683
1621.475, 203.502
275.945, 203.017
948.000, 200.000
557.697, 202.451
1652.899, 200.717
1961.729, 197.718
1685.077, 197.696
527.921, 199.707
19.113, 198.422
241.510, 198.577
1137.528, 196.034
497.815, 196.932
1164.695, 195.879
1110.444, 196.197
1083.448, 196.242
1056.369, 196.105
1029.428, 195.915
1002.450, 195.532
1717.562, 194.545
1246.813, 194.243
1219.307, 194.938
1191.946, 195.421
975.439, 195.028
467.067, 194.023
206.025, 193.741
2001.000, 192.298
921.234, 193.708
1274.400, 193.372
948.390, 194.414
893.920, 192.908
1751.000, 190.804
1330.139, 191.427
1302.101, 192.439
866.854, 191.815
1358.309, 190.212
436.108, 190.692
1386.715, 189.005
839.477, 190.741
811.976, 189.468
169.781, 188.697
1784.792, 187.277
1415.246, 187.443
784.291, 188.131
404.663, 187.300
2041.911, 186.401
756.587, 186.621
1444.102, 185.844
1473.337, 183.999
1819.466, 183.173
728.545, 184.876
372.569, 183.498
132.547, 183.252
700.432, 183.172
1502.786, 182.189
671.993, 181.263
1855.000, 178.937
1532.634, 179.910
643.391, 179.189
339.808, 179.563
1562.939, 177.490
94.054, 177.284
614.562, 176.875
1593.663, 174.945
306.589, 175.437
1891.672, 174.294
1137.000, 172.000
585.328, 174.392
1624.812, 172.219
555.730, 171.789
54.360, 170.911
272.229, 170.788
1929.021, 169.299
1656.450, 169.208
525.807, 168.983
1111.022, 166.401
1084.024, 166.467
495.350, 165.956
1688.709, 165.971
1220.452, 164.891
1192.997, 165.518
1165.577, 165.954
1138.361, 166.268
1056.865, 166.267
1029.694, 166.110
1002.609, 165.754
237.561, 166.100
1967.498, 163.916
975.464, 165.284
13.320, 164.040
1248.088, 164.317
948.190, 164.643
921.015, 163.807
1721.534, 162.500
1303.614, 162.364
1275.792, 163.479
893.794, 163.000
464.736, 162.691
866.398, 162.017
1331.836, 161.318
838.910, 160.676
433.000, 159.000
201.921, 161.035
1755.242, 158.612
1360.090, 160.126
2007.529, 158.081
811.132, 159.353
1388.693, 158.516
783.474, 157.978
1417.424, 156.890
1446.461, 155.063
755.622, 156.328
401.745, 155.538
165.136, 155.435
1789.147, 154.739
727.466, 154.585
1475.787, 153.181
699.110, 152.697
369.406, 151.647
1824.312, 150.312
670.638, 150.708
1505.456, 151.003
127.612, 149.508
1535.531, 148.693
641.886, 148.492
336.382, 147.433
1860.307, 145.688
1566.048, 146.092
612.890, 146.163
1596.946, 143.330
88.621, 143.170
583.339, 143.364
302.858, 142.995
1897.392, 140.640
1628.298, 140.382
553.658, 140.592
268.357, 138.046
1660.343, 136.991
523.586, 137.692
48.581, 136.300
1935.037, 135.241
1166.523, 135.638
1139.143, 135.783
1111.757, 136.242
1084.502, 136.188
1057.272, 136.084
975.461, 135.012
1221.633, 134.506
1194.067, 135.114
1029.949, 135.895
1002.730, 135.495
493.052, 134.478
1692.704, 133.706
1249.409, 133.684
948.176, 134.429
1305.421, 131.822
920.838, 133.337
893.304, 132.719
233.338, 132.976
1277.301, 132.712
461.993, 131.017
1974.063, 129.530
1725.992, 129.889
1333.637, 130.499
865.892, 131.497
838.233, 130.365
6.925, 129.097
1362.068, 129.151
810.539, 129.078
1390.867, 127.582
782.530, 127.324
197.287, 127.459
430.583, 127.327
1759.589, 125.918
1449.000, 124.000
1419.790, 125.775
754.526, 125.602
2014.403, 123.000
726.301, 123.977
398.516, 123.310
1794.061, 121.572
1478.300, 121.793
697.832, 121.882
160.176, 121.544
1508.343, 119.309
669.197, 119.767
366.096, 119.288
1829.539, 116.836
1538.580, 116.773
640.181, 117.372
122.053, 115.177
1569.402, 114.140
610.817, 114.703
332.777, 114.635
1865.960, 111.834
1600.427, 111.300
581.292, 111.911
298.701, 109.850
1632.092, 107.971
551.343, 109.021
82.773, 108.502
1902.935, 106.494
1112.531, 105.402
1084.993, 105.402
521.105, 105.849
1664.294, 104.483
1167.532, 104.749
1140.010, 105.193
1057.608, 105.418
1030.357, 105.108
1002.895, 104.776
975.519, 104.205
264.044, 104.673
1195.219, 104.228
948.023, 103.548
1250.919, 102.809
1222.861, 103.670
920.497, 102.822
490.335, 102.402
1941.401, 100.483
1697.195, 100.659
1278.929, 101.657
892.922, 101.689
1335.627, 99.373
1307.116, 100.501
42.043, 101.084
865.275, 100.714
228.653, 99.147
1364.229, 97.722
837.553, 99.353
809.605, 97.775
459.103, 98.647
1730.334, 96.728
1393.069, 96.021
781.548, 96.245
1981.022, 94.109
753.449, 94.550
427.339, 94.761
1422.175, 94.109
192.127, 93.253
0.000, 93.196
1764.524, 92.252
725.042, 92.612
1451.514, 92.062
395.210, 90.648
1481.283, 89.737
696.263, 90.539
2022.000, 87.293
1799.351, 87.647
1511.442, 87.260
667.483, 88.112
154.778, 87.003
638.380, 85.585
362.180, 86.072
1541.807, 84.619
608.809, 82.834
1835.186, 82.592
1572.797, 81.696
328.688, 81.187
116.248, 80.148
579.056, 79.883
1604.143, 78.430
1871.569, 77.344
548.985, 76.800
294.339, 76.084
1636.069, 74.979
1085.611, 74.242
1168.575, 73.438
76.543, 72.876
1909.703, 71.241
1224.266, 71.936
1196.418, 72.850
1140.914, 73.855
1113.296, 73.998
1058.061, 74.084
1030.576, 73.841
1002.986, 73.439
975.514, 73.239
518.416, 73.341
1668.531, 71.253
947.921, 72.199
1252.413, 71.149
920.288, 71.381
892.579, 70.285
259.320, 70.631
1280.562, 70.148
487.470, 69.716
1309.027, 68.813
864.682, 69.113
1701.522, 67.212
1337.573, 67.360
836.873, 67.863
808.716, 66.293
455.861, 65.424
1948.314, 64.845
1366.401, 65.763
223.668, 64.699
1395.492, 63.975
780.391, 64.574
35.338, 64.976
1735.183, 63.015
752.124, 62.737
1424.880, 61.910
424.058, 61.571
1988.358, 58.000
1454.279, 59.753
723.495, 60.534
1769.859, 57.952
694.729, 58.245
186.880, 58.521
391.365, 56.921
1484.278, 57.293
665.672, 55.944
1514.674, 54.421
1805.068, 52.869
636.369, 53.244
358.191, 52.313
148.899, 51.567
2030.000, 50.681
1545.393, 51.616
606.612, 50.289
1841.209, 47.540
1576.530, 48.423
576.734, 47.349
324.487, 47.282
1608.169, 44.989
109.883, 44.348
546.230, 43.789
1878.428, 41.723
1086.192, 42.411
1058.558, 42.281
1169.695, 41.515
1141.778, 41.964
1113.898, 42.307
1030.857, 42.288
1003.107, 41.750
289.832, 41.636
1640.276, 41.282
1197.689, 40.849
975.486, 41.183
947.739, 40.463
1225.829, 40.068
919.964, 39.502
515.595, 40.338
1254.025, 39.157
1673.082, 37.346
1282.407, 37.917
892.046, 38.401
1917.000, 35.000
1310.954, 36.563
864.074, 37.163
69.614, 36.406
836.048, 35.743
484.305, 36.372
254.493, 35.774
1339.805, 34.921
1368.755, 33.278
807.711, 34.101
1706.495, 32.870
779.330, 32.315
1397.988, 31.215
452.573, 32.108
1955.794, 28.469
1427.520, 29.030
750.833, 30.274
218.235, 29.550
1740.600, 28.096
722.018, 28.153
420.260, 27.669
27.731, 28.086
1457.316, 26.587
692.933, 25.698
1775.392, 23.183
1487.623, 24.005
663.786, 23.251
387.429, 22.897
180.855, 22.667
1996.478, 21.029
1518.130, 21.077
634.214, 20.285
1811.095, 17.672
1549.128, 17.929
604.306, 17.149
353.939, 17.724
142.672, 15.435
1580.560, 14.491
2038.505, 13.005
574.062, 13.873
1847.867, 11.613
319.730, 12.207
1612.561, 10.748
1114.856, 9.835
1086.945, 9.998
1059.053, 9.887
1031.151, 9.638
1003.330, 9.187
543.414, 10.273
1170.898, 8.975
1142.870, 9.438
947.464, 7.796
1644.986, 6.597
1227.317, 7.368
1199.050, 8.216
975.463, 8.622
919.607, 7.019
103.024, 7.726
1255.646, 6.484
512.401, 6.367
284.772, 6.445
1885.430, 5.424
891.541, 5.903
1284.301, 5.057
863.317, 4.539
1313.096, 3.271
1678.001, 2.364
835.009, 3.088
480.948, 2.326
1923.462, 0.000
1400.000, 0.000
1371.079, 0.427
1342.132, 1.816
806.621, 1.323
778.317, 0.410
450.000, 0.000
249.093, 0.367
62.000, 0.000
1955.000, 1062.000
