(1023.567, 790.097):(0, 0)
(1023.737, 764.447):(0, -1)
(1049.288, 790.378):(1, 0)
(1023.083, 815.921):(0, 1)
(997.903, 789.92):(-1, 0)
(1024.189, 738.422):(0, -2)
(1049.896, 764.386):(1, -1)
(997.957, 764.177):(-1, -1)
(1075.448, 790.602):(2, 0)
(1049.143, 816.445):(1, 1)
(1023.053, 841.994):(0, 2)
(997.584, 815.744):(-1, 1)
(971.866, 789.564):(-2, 0)
(1024.366, 712.455):(0, -3)
(1049.933, 738.517):(1, -2)
(998.278, 738.179):(-1, -2)
(1075.707, 764.822):(2, -1)
(971.96, 763.793):(-2, -1)
(1101.272, 790.923):(3, 0)
(1075.16, 816.552):(2, 1)
(1048.914, 842.277):(1, 2)
(1022.811, 867.843):(0, 3)
(997.121, 841.745):(-1, 2)
(971.442, 815.533):(-2, 1)
(945.952, 789.429):(-3, 0)
(1024.664, 686.438):(0, -4)
(1050.343, 712.596):(1, -3)
(998.403, 712.228):(-1, -3)
(1075.901, 738.794):(2, -2)
(972.264, 738.008):(-2, -2)
(1101.535, 764.932):(3, -1)
(946.011, 763.505):(-3, -1)
(1127.276, 791.111):(4, 0)
(1101.026, 816.922):(3, 1)
(1074.886, 842.588):(2, 2)
(1048.784, 868.274):(1, 3)
(1022.586, 893.923):(0, 4)
(996.908, 867.705):(-1, 3)
(971.289, 841.538):(-2, 2)
(945.57, 815.273):(-3, 1)
(919.998, 789.104):(-4, 0)
(1024.979, 660.465):(0, -5)
(1050.583, 686.69):(1, -4)
(998.745, 686.116):(-1, -4)
(1076.141, 712.95):(2, -3)
(972.441, 712.058):(-2, -3)
(1101.876, 738.984):(3, -2)
(946.339, 737.566):(-3, -2)
(1127.435, 765.237):(4, -1)
(920.169, 763.231):(-4, -1)
(1153.326, 791.482):(5, 0)
(1126.96, 817.116):(4, 1)
(1100.804, 842.859):(3, 2)
(1074.693, 868.508):(2, 3)
(1048.463, 894.121):(1, 4)
(1022.409, 920.032):(0, 5)
(996.689, 893.681):(-1, 4)
(970.957, 867.534):(-2, 3)
(945.425, 841.187):(-3, 2)
(919.56, 815.007):(-4, 1)
(893.819, 788.921):(-5, 0)
(1025.094, 634.372):(0, -6)
(1050.871, 660.689):(1, -5)
(999.036, 660.144):(-1, -5)
(1076.468, 686.905):(2, -4)
(972.864, 685.898):(-2, -4)
(1102.03, 713.079):(3, -3)
(946.64, 711.62):(-3, -3)
(1127.807, 739.231):(4, -2)
(920.403, 737.245):(-4, -2)
(1153.582, 765.563):(5, -1)
(894.048, 762.932):(-5, -1)
(1179.43, 791.666):(6, 0)
(1153.142, 817.435):(5, 1)
(1126.847, 843.019):(4, 2)
(1100.627, 868.83):(3, 3)
(1074.549, 894.564):(2, 4)
(1048.186, 920.325):(1, 5)
(1022.092, 946.312):(0, 6)
(996.425, 919.817):(-1, 5)
(970.689, 893.406):(-2, 4)
(945.145, 867.209):(-3, 3)
(919.379, 841.036):(-4, 2)
(893.602, 814.785):(-5, 1)
(867.789, 788.489):(-6, 0)
(1025.409, 608.206):(0, -7)
(1051.099, 634.651):(1, -6)
(999.177, 634.142):(-1, -6)
(1076.748, 660.961):(2, -5)
(973.09, 659.798):(-2, -5)
(1102.419, 687.049):(3, -4)
(946.887, 685.506):(-3, -4)
(1128.049, 713.367):(4, -3)
(920.603, 711.316):(-4, -3)
(1153.797, 739.507):(5, -2)
(894.415, 736.979):(-5, -2)
(1179.616, 765.82):(6, -1)
(867.866, 762.582):(-6, -1)
(1205.531, 792.08):(7, 0)
(1179.09, 817.692):(6, 1)
(1153.041, 843.27):(5, 2)
(1126.526, 869.064):(4, 3)
(1100.456, 894.922):(3, 4)
(1074.301, 920.491):(2, 5)
(1048.131, 946.542):(1, 6)
(1021.971, 972.395):(0, 7)
(996.159, 945.894):(-1, 6)
(970.446, 919.438):(-2, 5)
(944.657, 893.333):(-3, 4)
(919.048, 867.049):(-4, 3)
(893.379, 840.939):(-5, 2)
(867.451, 814.687):(-6, 1)
(841.589, 788.344):(-7, 0)
(1025.642, 581.942):(0, -8)
(1051.419, 608.48):(1, -7)
(999.518, 607.885):(-1, -7)
(1077.049, 634.88):(2, -6)
(973.357, 633.907):(-2, -6)
(1102.726, 661.073):(3, -5)
(947.025, 659.598):(-3, -5)
(1128.404, 687.288):(4, -4)
(920.974, 685.228):(-4, -4)
(1154.059, 713.44):(5, -3)
(894.601, 710.945):(-5, -3)
(1179.788, 739.683):(6, -2)
(868.268, 736.525):(-6, -2)
(1205.894, 765.94):(7, -1)
(841.843, 762.298):(-7, -1)
(1231.815, 792.256):(8, 0)
(1205.358, 817.986):(7, 1)
(1178.987, 843.712):(6, 2)
(1152.781, 869.409):(5, 3)
(1126.403, 895.06):(4, 4)
(1100.326, 920.946):(3, 5)
(1074.07, 946.807):(2, 6)
(1047.987, 972.797):(1, 7)
(1021.571, 998.865):(0, 8)
(995.888, 972.22):(-1, 7)
(970.149, 945.784):(-2, 6)
(944.459, 919.401):(-3, 5)
(918.689, 893.085):(-4, 4)
(893.115, 866.849):(-5, 3)
(867.12, 840.558):(-6, 2)
(841.231, 814.352):(-7, 1)
(815.224, 788.149):(-8, 0)
(1025.982, 555.623):(0, -9)
(1051.657, 582.217):(1, -8)
(999.647, 581.731):(-1, -8)
(1077.423, 608.683):(2, -7)
(973.509, 607.636):(-2, -7)
(1102.959, 635.042):(3, -6)
(947.167, 633.496):(-3, -6)
(1128.772, 661.363):(4, -5)
(921.053, 659.158):(-4, -5)
(1154.316, 687.34):(5, -4)
(894.765, 685.031):(-5, -4)
(1180.055, 713.711):(6, -3)
(868.462, 710.644):(-6, -3)
(1206.119, 739.898):(7, -2)
(842.035, 736.291):(-7, -2)
(1231.906, 766.147):(8, -1)
(815.499, 762.006):(-8, -1)
(1258.099, 792.498):(9, 0)
(1231.665, 818.195):(8, 1)
(1205.156, 843.941):(7, 2)
(1178.826, 869.745):(6, 3)
(1152.617, 895.451):(5, 4)
(1126.402, 921.166):(4, 5)
(1100.112, 946.983):(3, 6)
(1073.891, 973.024):(2, 7)
(1047.707, 998.987):(1, 8)
(1021.475, 1025.169):(0, 9)
(995.453, 998.699):(-1, 8)
(969.768, 971.962):(-2, 7)
(944.141, 945.571):(-3, 6)
(918.332, 919.173):(-4, 5)
(892.666, 892.933):(-5, 4)
(866.807, 866.622):(-6, 3)
(841.002, 840.369):(-7, 2)
(815.012, 814.136):(-8, 1)
(788.995, 787.893):(-9, 0)
(1026.214, 529.29):(0, -10)
(1051.995, 555.951):(1, -9)
(999.878, 555.386):(-1, -9)
(1077.602, 582.428):(2, -8)
(973.593, 581.328):(-2, -8)
(1103.36, 608.867):(3, -7)
(947.407, 607.399):(-3, -7)
(1129.013, 635.152):(4, -6)
(921.25, 633.106):(-4, -6)
(1154.643, 661.56):(5, -5)
(895.028, 658.868):(-5, -5)
(1180.449, 687.587):(6, -4)
(868.688, 684.549):(-6, -4)
(1206.465, 713.939):(7, -3)
(842.332, 710.328):(-7, -3)
(1232.352, 740.085):(8, -2)
(815.743, 735.981):(-8, -2)
(1258.449, 766.183):(9, -1)
(789.176, 761.651):(-9, -1)
(1284.63, 792.592):(10, 0)
(1257.996, 818.527):(9, 1)
(1231.452, 844.23):(8, 2)
(1204.959, 870.185):(7, 3)
(1178.628, 895.925):(6, 4)
(1152.422, 921.489):(5, 5)
(1126.142, 947.419):(4, 6)
(1100.007, 973.394):(3, 7)
(1073.777, 999.447):(2, 8)
(1047.473, 1025.494):(1, 9)
(1021.132, 1051.882):(0, 10)
(995.323, 1024.893):(-1, 9)
(969.52, 998.475):(-2, 8)
(943.672, 971.85):(-3, 7)
(917.966, 945.362):(-4, 6)
(892.272, 918.983):(-5, 5)
(866.543, 892.675):(-6, 4)
(840.615, 866.459):(-7, 3)
(814.588, 840.233):(-8, 2)
(788.573, 813.892):(-9, 1)
(762.381, 787.524):(-10, 0)
(1026.495, 502.728):(0, -11)
(1052.194, 529.435):(1, -10)
(1000.139, 529.027):(-1, -10)
(1078.024, 556.178):(2, -9)
(973.917, 555.076):(-2, -9)
(1103.654, 582.734):(3, -8)
(947.609, 580.979):(-3, -8)
(1129.323, 608.973):(4, -7)
(921.445, 606.944):(-4, -7)
(1154.92, 635.379):(5, -6)
(895.117, 632.674):(-5, -6)
(1180.94, 661.579):(6, -5)
(868.851, 658.314):(-6, -5)
(1206.635, 687.914):(7, -4)
(842.431, 684.118):(-7, -4)
(1232.61, 714.011):(8, -3)
(815.911, 709.944):(-8, -3)
(1258.638, 740.176):(9, -2)
(789.353, 735.651):(-9, -2)
(1284.921, 766.522):(10, -1)
(762.614, 761.276):(-10, -1)
(1311.477, 792.899):(11, 0)
(1284.471, 818.72):(10, 1)
(1257.77, 844.484):(9, 2)
(1231.384, 870.353):(8, 3)
(1204.898, 896.164):(7, 4)
(1178.631, 921.954):(6, 5)
(1152.447, 947.805):(5, 6)
(1125.985, 973.797):(4, 7)
(1099.893, 999.784):(3, 8)
(1073.522, 1025.87):(2, 9)
(1047.295, 1052.06):(1, 10)
(1020.87, 1078.572):(0, 11)
(994.886, 1051.716):(-1, 10)
(969.176, 1024.856):(-2, 9)
(943.336, 998.242):(-3, 8)
(917.611, 971.734):(-4, 7)
(891.908, 945.235):(-5, 6)
(866.171, 918.961):(-6, 5)
(840.198, 892.608):(-7, 4)
(814.29, 866.128):(-8, 3)
(788.043, 839.967):(-9, 2)
(761.936, 813.708):(-10, 1)
(735.808, 787.215):(-11, 0)
(1026.585, 475.956):(0, -12)
(1052.556, 502.937):(1, -11)
(1000.42, 502.342):(-1, -11)
(1078.346, 529.724):(2, -10)
(974.04, 528.515):(-2, -10)
(1104.028, 556.2):(3, -9)
(947.811, 554.677):(-3, -9)
(1129.832, 582.682):(4, -8)
(921.578, 580.717):(-4, -8)
(1155.433, 609.105):(5, -7)
(895.324, 606.497):(-5, -7)
(1181.201, 635.415):(6, -6)
(868.898, 632.263):(-6, -6)
(1207.013, 661.681):(7, -5)
(842.523, 658.006):(-7, -5)
(1232.939, 688.038):(8, -4)
(816.086, 683.841):(-8, -4)
(1258.918, 714.133):(9, -3)
(789.552, 709.44):(-9, -3)
(1285.087, 740.52):(10, -2)
(762.767, 735.288):(-10, -2)
(1311.562, 766.794):(11, -1)
(735.893, 761.12):(-11, -1)
(1338.166, 793.245):(12, 0)
(1311.204, 819.059):(11, 1)
(1284.349, 844.915):(10, 2)
(1257.589, 870.864):(9, 3)
(1231.099, 896.547):(8, 4)
(1204.857, 922.393):(7, 5)
(1178.529, 948.107):(6, 6)
(1152.251, 974.216):(5, 7)
(1126.083, 1000.202):(4, 8)
(1099.795, 1026.063):(3, 9)
(1073.491, 1052.394):(2, 10)
(1047.127, 1078.809):(1, 11)
(1020.522, 1105.556):(0, 12)
(994.652, 1078.292):(-1, 11)
(942.98, 1024.658):(-3, 9)
(917.245, 998.161):(-4, 8)
(891.426, 971.58):(-5, 7)
(865.635, 945.06):(-6, 6)
(839.719, 918.982):(-7, 5)
(813.902, 892.524):(-8, 4)
(787.759, 866.118):(-9, 3)
(761.492, 839.807):(-10, 2)
(735.464, 813.343):(-11, 1)
(708.922, 786.835):(-12, 0)
(1027.025, 449.019):(0, -13)
(1052.854, 476.261):(1, -12)
(1000.515, 475.654):(-1, -12)
(1078.655, 503.125):(2, -11)
(974.178, 502.02):(-2, -11)
(1104.438, 529.927):(3, -10)
(947.953, 528.191):(-3, -10)
(1130.055, 556.378):(4, -9)
(921.796, 554.259):(-4, -9)
(1155.922, 582.896):(5, -8)
(895.392, 580.243):(-5, -8)
(1181.61, 609.189):(6, -7)
(869.001, 606.072):(-6, -7)
(1207.498, 635.493):(7, -6)
(842.63, 631.888):(-7, -6)
(1233.306, 661.96):(8, -5)
(816.203, 657.586):(-8, -5)
(1259.373, 688.023):(9, -4)
(789.575, 683.301):(-9, -4)
(1285.509, 714.18):(10, -3)
(762.885, 709.065):(-10, -3)
(1311.875, 740.446):(11, -2)
(736.112, 734.978):(-11, -2)
(1338.36, 766.994):(12, -1)
(709.125, 760.76):(-12, -1)
(1365.14, 793.45):(13, 0)
(1337.988, 819.398):(12, 1)
(1310.964, 845.295):(11, 2)
(1284.231, 871.214):(10, 3)
(1257.577, 896.968):(9, 4)
(1231.15, 922.835):(8, 5)
(1204.932, 948.616):(7, 6)
(1178.528, 974.662):(6, 7)
(1152.143, 1000.504):(5, 8)
(1125.986, 1026.403):(4, 9)
(1099.642, 1052.842):(3, 10)
(1073.306, 1079.305):(2, 11)
(1046.82, 1105.868):(1, 12)
(1020.348, 1132.699):(0, 13)
(994.327, 1105.256):(-1, 12)
(968.425, 1078.075):(-2, 11)
(942.526, 1051.385):(-3, 10)
(916.734, 1024.567):(-4, 9)
(890.898, 998.097):(-5, 8)
(865.113, 971.469):(-6, 7)
(839.341, 945.034):(-7, 6)
(813.431, 918.737):(-8, 5)
(787.439, 892.469):(-9, 4)
(761.19, 866.02):(-10, 3)
(735.042, 839.611):(-11, 2)
(708.53, 813.258):(-12, 1)
(681.928, 786.72):(-13, 0)
(1027.251, 421.921):(0, -14)
(1053.119, 449.189):(1, -13)
(1000.758, 448.657):(-1, -13)
(1078.943, 476.349):(2, -12)
(974.361, 475.308):(-2, -12)
(1104.755, 503.346):(3, -11)
(947.884, 501.643):(-3, -11)
(1130.501, 530.064):(4, -10)
(921.755, 527.712):(-4, -10)
(1156.247, 556.562):(5, -9)
(895.548, 553.824):(-5, -9)
(1182.051, 582.965):(6, -8)
(869.124, 579.779):(-6, -8)
(1208.096, 609.226):(7, -7)
(842.74, 605.616):(-7, -7)
(1233.836, 635.492):(8, -6)
(816.291, 631.391):(-8, -6)
(1259.774, 661.933):(9, -5)
(789.765, 657.019):(-9, -5)
(1285.916, 687.984):(10, -4)
(763.081, 683.019):(-10, -4)
(1312.117, 714.428):(11, -3)
(736.42, 708.642):(-11, -3)
(1338.699, 740.692):(12, -2)
(709.416, 734.413):(-12, -2)
(1365.455, 767.119):(13, -1)
(682.25, 760.356):(-13, -1)
(1392.158, 793.759):(14, 0)
(1364.996, 819.683):(13, 1)
(1337.91, 845.59):(12, 2)
(1310.963, 871.639):(11, 3)
(1284.31, 897.541):(10, 4)
(1257.647, 923.275):(9, 5)
(1231.112, 949.137):(8, 6)
(1204.773, 975.0):(7, 7)
(1178.367, 1001.083):(6, 8)
(1152.171, 1026.953):(5, 9)
(1125.9, 1053.209):(4, 10)
(1099.602, 1079.543):(3, 11)
(1073.142, 1106.131):(2, 12)
(1046.625, 1132.942):(1, 13)
(1019.974, 1159.926):(0, 14)
(994.014, 1132.431):(-1, 13)
(967.996, 1105.129):(-2, 12)
(942.131, 1078.11):(-3, 11)
(916.307, 1051.232):(-4, 10)
(890.536, 1024.488):(-5, 9)
(864.627, 998.089):(-6, 8)
(838.756, 971.483):(-7, 7)
(812.914, 945.066):(-8, 6)
(786.854, 918.694):(-9, 5)
(760.77, 892.204):(-10, 4)
(734.553, 865.959):(-11, 3)
(708.111, 839.524):(-12, 2)
(681.613, 812.951):(-13, 1)
(654.691, 786.452):(-14, 0)
(1027.542, 394.707):(0, -15)
(1053.524, 422.233):(1, -14)
(1000.886, 421.561):(-1, -14)
(1079.429, 449.333):(2, -13)
(974.491, 448.312):(-2, -13)
(1105.259, 476.458):(3, -12)
(948.084, 474.881):(-3, -12)
(1130.899, 503.376):(4, -11)
(921.851, 501.085):(-4, -11)
(1156.829, 530.038):(5, -10)
(895.602, 527.33):(-5, -10)
(1182.535, 556.497):(6, -9)
(869.08, 553.378):(-6, -9)
(1208.386, 582.973):(7, -8)
(842.809, 579.06):(-7, -8)
(1234.248, 609.319):(8, -7)
(816.453, 605.109):(-8, -7)
(1260.041, 635.605):(9, -6)
(789.827, 630.954):(-9, -6)
(1286.391, 661.876):(10, -5)
(763.104, 656.622):(-10, -5)
(1312.554, 688.186):(11, -4)
(736.597, 682.379):(-11, -4)
(1338.989, 714.411):(12, -3)
(709.625, 708.07):(-12, -3)
(1365.7, 740.902):(13, -2)
(682.407, 734.058):(-13, -2)
(1392.539, 767.267):(14, -1)
(654.911, 760.059):(-14, -1)
(1419.747, 794.011):(15, 0)
(1392.169, 819.969):(14, 1)
(1364.934, 845.964):(13, 2)
(1337.884, 872.08):(12, 3)
(1310.922, 897.982):(11, 4)
(1284.224, 923.725):(10, 5)
(1257.636, 949.542):(9, 6)
(1231.207, 975.567):(8, 7)
(1204.836, 1001.628):(7, 8)
(1178.421, 1027.401):(6, 9)
(1152.095, 1053.668):(5, 10)
(1125.766, 1080.009):(4, 11)
(1099.443, 1106.533):(3, 12)
(1073.089, 1133.186):(2, 13)
(1046.5, 1160.231):(1, 14)
(1019.771, 1187.57):(0, 15)
(993.631, 1159.75):(-1, 14)
(967.566, 1132.27):(-2, 13)
(941.643, 1104.963):(-3, 12)
(915.943, 1078.019):(-4, 11)
(890.008, 1051.183):(-5, 10)
(864.106, 1024.436):(-6, 9)
(838.371, 998.04):(-7, 8)
(812.318, 971.543):(-8, 7)
(786.349, 945.024):(-9, 6)
(760.127, 918.49):(-10, 5)
(734.07, 892.331):(-11, 4)
(707.785, 865.895):(-12, 3)
(681.069, 839.322):(-13, 2)
(654.194, 812.943):(-14, 1)
(627.111, 786.126):(-15, 0)
(1027.629, 367.224):(0, -16)
(1053.922, 394.995):(1, -15)
(1001.161, 394.352):(-1, -15)
(1079.831, 422.245):(2, -14)
(974.603, 421.215):(-2, -14)
(1105.726, 449.521):(3, -13)
(948.138, 447.838):(-3, -13)
(1131.498, 476.557):(4, -12)
(921.951, 474.427):(-4, -12)
(1157.158, 503.308):(5, -11)
(895.591, 500.728):(-5, -11)
(1183.108, 529.996):(6, -10)
(869.193, 526.823):(-6, -10)
(1209.026, 556.614):(7, -9)
(842.887, 552.794):(-7, -9)
(1234.747, 582.943):(8, -8)
(816.372, 578.636):(-8, -8)
(1260.722, 609.341):(9, -7)
(789.864, 604.459):(-9, -7)
(1286.798, 635.487):(10, -6)
(763.206, 630.317):(-10, -6)
(1312.995, 661.929):(11, -5)
(736.644, 656.088):(-11, -5)
(1339.512, 688.096):(12, -4)
(709.674, 681.954):(-12, -4)
(1365.983, 714.469):(13, -3)
(682.48, 707.794):(-13, -3)
(1392.973, 741.051):(14, -2)
(655.037, 733.733):(-14, -2)
(1419.904, 767.563):(15, -1)
(627.444, 759.792):(-15, -1)
(1447.512, 794.265):(16, 0)
(1419.681, 820.406):(15, 1)
(1392.01, 846.456):(14, 2)
(1364.937, 872.438):(13, 3)
(1337.816, 898.416):(12, 4)
(1310.996, 924.32):(11, 5)
(1284.382, 950.062):(10, 6)
(1257.743, 976.09):(9, 7)
(1231.155, 1002.079):(8, 8)
(1204.884, 1027.908):(7, 9)
(1178.593, 1054.135):(6, 10)
(1152.09, 1080.488):(5, 11)
(1125.765, 1106.924):(4, 12)
(1099.443, 1133.713):(3, 13)
(1072.966, 1160.629):(2, 14)
(1046.253, 1187.85):(1, 15)
(1019.472, 1215.422):(0, 16)
(993.321, 1187.285):(-1, 15)
(967.17, 1159.632):(-2, 14)
(941.163, 1132.16):(-3, 13)
(915.379, 1104.964):(-4, 12)
(889.423, 1077.976):(-5, 11)
(863.569, 1051.17):(-6, 10)
(837.726, 1024.471):(-7, 9)
(811.729, 998.004):(-8, 8)
(785.835, 971.414):(-9, 7)
(759.714, 945.015):(-10, 6)
(733.575, 918.561):(-11, 5)
(707.246, 892.108):(-12, 4)
(680.596, 865.81):(-13, 3)
(653.909, 839.245):(-14, 2)
(626.841, 812.569):(-15, 1)
(599.498, 785.915):(-16, 0)
(1028.096, 339.156):(0, -17)
(1054.157, 367.256):(1, -16)
(1001.352, 366.74):(-1, -16)
(1080.24, 395.11):(2, -15)
(974.777, 393.943):(-2, -15)
(1106.089, 422.321):(3, -14)
(948.336, 420.785):(-3, -14)
(1132.033, 449.632):(4, -13)
(922.085, 447.426):(-4, -13)
(1157.795, 476.456):(5, -12)
(895.556, 473.88):(-5, -12)
(1183.523, 503.299):(6, -11)
(869.168, 500.101):(-6, -11)
(1209.411, 530.002):(7, -10)
(842.802, 526.127):(-7, -10)
(1235.249, 556.463):(8, -9)
(816.266, 552.138):(-8, -9)
(1261.231, 582.953):(9, -8)
(789.888, 578.098):(-9, -8)
(1287.281, 609.106):(10, -7)
(763.189, 603.869):(-10, -7)
(1313.438, 635.46):(11, -6)
(736.593, 629.823):(-11, -6)
(1339.874, 661.971):(12, -5)
(709.674, 655.444):(-12, -5)
(1366.283, 688.153):(13, -4)
(682.576, 681.425):(-13, -4)
(1393.245, 714.585):(14, -3)
(655.179, 707.358):(-14, -3)
(1419.92, 741.181):(15, -2)
(627.673, 733.243):(-15, -2)
(1447.667, 767.81):(16, -1)
(599.813, 759.306):(-16, -1)
(1475.26, 794.562):(17, 0)
(1447.274, 820.786):(16, 1)
(1419.495, 846.801):(15, 2)
(1392.008, 872.946):(14, 3)
(1364.911, 898.845):(13, 4)
(1337.814, 924.741):(12, 5)
(1310.998, 950.623):(11, 6)
(1284.508, 976.563):(10, 7)
(1257.883, 1002.701):(9, 8)
(1231.35, 1028.543):(8, 9)
(1204.967, 1054.835):(7, 10)
(1178.507, 1081.046):(6, 11)
(1152.137, 1107.516):(5, 12)
(1125.767, 1134.222):(4, 13)
(1099.469, 1161.061):(3, 14)
(1072.914, 1188.198):(2, 15)
(1046.057, 1215.665):(1, 16)
(1019.245, 1243.459):(0, 17)
(992.894, 1215.174):(-1, 16)
(966.841, 1187.226):(-2, 15)
(940.671, 1159.561):(-3, 14)
(914.806, 1132.22):(-4, 13)
(888.905, 1104.995):(-5, 12)
(863.017, 1078.138):(-6, 11)
(837.185, 1051.252):(-7, 10)
(811.178, 1024.548):(-8, 9)
(785.08, 998.112):(-9, 8)
(758.954, 971.498):(-10, 7)
(732.978, 945.125):(-11, 6)
(706.712, 918.554):(-12, 5)
(680.181, 892.059):(-13, 4)
(653.341, 865.686):(-14, 3)
(626.353, 839.009):(-15, 2)
(599.141, 812.377):(-16, 1)
(571.468, 785.598):(-17, 0)
(1028.311, 311.131):(0, -18)
(1054.455, 339.403):(1, -17)
(1001.499, 338.932):(-1, -17)
(1080.6, 367.303):(2, -16)
(974.864, 366.186):(-2, -16)
(1106.624, 395.195):(3, -15)
(948.488, 393.495):(-3, -15)
(1132.456, 422.462):(4, -14)
(921.968, 420.187):(-4, -14)
(1158.382, 449.486):(5, -13)
(895.455, 446.87):(-5, -13)
(1184.092, 476.323):(6, -12)
(869.078, 473.253):(-6, -12)
(1209.934, 503.247):(7, -11)
(842.782, 499.416):(-7, -11)
(1235.833, 529.848):(8, -10)
(816.208, 525.661):(-8, -10)
(1261.869, 556.335):(9, -9)
(789.801, 551.418):(-9, -9)
(1287.86, 582.841):(10, -8)
(763.048, 577.515):(-10, -8)
(1314.135, 609.144):(11, -7)
(736.58, 603.233):(-11, -7)
(1340.332, 635.533):(12, -6)
(709.723, 629.103):(-12, -6)
(1366.862, 661.807):(13, -5)
(682.609, 654.889):(-13, -5)
(1393.702, 688.163):(14, -4)
(655.296, 680.929):(-14, -4)
(1420.694, 714.684):(15, -3)
(627.757, 706.88):(-15, -3)
(1447.882, 741.394):(16, -2)
(599.965, 732.824):(-16, -2)
(1475.499, 767.924):(17, -1)
(571.744, 759.045):(-17, -1)
(1503.441, 794.826):(18, 0)
(1475.108, 821.126):(17, 1)
(1447.179, 847.283):(16, 2)
(1419.486, 873.387):(15, 3)
(1392.154, 899.398):(14, 4)
(1364.954, 925.299):(13, 5)
(1337.993, 951.274):(12, 6)
(1311.299, 977.242):(11, 7)
(1284.64, 1003.335):(10, 8)
(1257.928, 1029.262):(9, 9)
(1231.476, 1055.335):(8, 10)
(1205.072, 1081.674):(7, 11)
(1178.628, 1107.974):(6, 12)
(1152.343, 1134.682):(5, 13)
(1125.869, 1161.614):(4, 14)
(1099.303, 1188.572):(3, 15)
(1072.669, 1215.966):(2, 16)
(1045.928, 1243.736):(1, 17)
(1018.933, 1271.891):(0, 18)
(992.565, 1243.218):(-1, 17)
(966.354, 1215.054):(-2, 16)
(940.206, 1187.179):(-3, 15)
(914.22, 1159.618):(-4, 14)
(888.133, 1132.289):(-5, 13)
(862.427, 1105.064):(-6, 12)
(836.449, 1078.14):(-7, 11)
(810.565, 1051.503):(-8, 10)
(784.49, 1024.791):(-9, 9)
(758.343, 998.137):(-10, 8)
(732.273, 971.667):(-11, 7)
(706.023, 945.126):(-12, 6)
(679.42, 918.683):(-13, 5)
(652.762, 892.093):(-14, 4)
(625.825, 865.584):(-15, 3)
(598.646, 839.048):(-16, 2)
(571.143, 812.202):(-17, 1)
(543.088, 785.381):(-18, 0)
(1028.559, 282.935):(0, -19)
(1054.966, 311.482):(1, -18)
(1001.762, 310.815):(-1, -18)
(1081.041, 339.501):(2, -17)
(974.931, 338.438):(-2, -17)
(1107.056, 367.535):(3, -16)
(948.437, 365.876):(-3, -16)
(1132.973, 395.234):(4, -15)
(921.957, 392.816):(-4, -15)
(1158.914, 422.49):(5, -14)
(895.555, 419.764):(-5, -14)
(1184.898, 449.422):(6, -13)
(868.989, 446.157):(-6, -13)
(1210.553, 476.412):(7, -12)
(842.584, 472.578):(-7, -12)
(1236.439, 503.002):(8, -11)
(816.165, 498.809):(-8, -11)
(1262.455, 529.678):(9, -10)
(789.668, 524.953):(-9, -10)
(1288.467, 556.085):(10, -9)
(763.047, 550.781):(-10, -9)
(1314.696, 582.567):(11, -8)
(736.515, 576.884):(-11, -8)
(1341.016, 609.024):(12, -7)
(709.644, 602.525):(-12, -7)
(1367.431, 635.321):(13, -6)
(682.583, 628.465):(-13, -6)
(1393.966, 661.833):(14, -5)
(655.332, 654.326):(-14, -5)
(1421.326, 688.241):(15, -4)
(627.838, 680.213):(-15, -4)
(1448.294, 714.628):(16, -3)
(600.24, 706.286):(-16, -3)
(1475.739, 741.331):(17, -2)
(571.967, 732.328):(-17, -2)
(1503.625, 768.055):(18, -1)
(543.46, 758.728):(-18, -1)
(1532.016, 795.022):(19, 0)
(1503.32, 821.46):(18, 1)
(1475.021, 847.699):(17, 2)
(1447.2, 873.915):(16, 3)
(1419.612, 899.909):(15, 4)
(1392.209, 925.914):(14, 5)
(1365.154, 951.963):(13, 6)
(1338.107, 977.985):(12, 7)
(1311.433, 1003.953):(11, 8)
(1284.725, 1029.896):(10, 9)
(1258.172, 1056.036):(9, 10)
(1231.649, 1082.227):(8, 11)
(1205.231, 1108.718):(7, 12)
(1178.931, 1135.275):(6, 13)
(1152.485, 1162.107):(5, 14)
(1125.975, 1189.05):(4, 15)
(1099.277, 1216.337):(3, 16)
(1072.68, 1243.991):(2, 17)
(1045.65, 1272.13):(1, 18)
(1018.774, 1300.614):(0, 19)
(992.254, 1271.589):(-1, 18)
(965.933, 1243.184):(-2, 17)
(939.654, 1214.926):(-3, 16)
(913.477, 1187.215):(-4, 15)
(887.588, 1159.651):(-5, 14)
(861.68, 1132.314):(-6, 13)
(835.673, 1105.127):(-7, 12)
(809.876, 1078.312):(-8, 11)
(783.968, 1051.493):(-9, 10)
(757.587, 1024.902):(-10, 9)
(731.64, 998.327):(-11, 8)
(705.292, 971.823):(-12, 7)
(678.944, 945.247):(-13, 6)
(652.053, 918.69):(-14, 5)
(625.251, 892.206):(-15, 4)
(597.985, 865.552):(-16, 3)
(570.654, 838.983):(-17, 2)
(542.86, 812.01):(-18, 1)
(514.748, 784.992):(-19, 0)
(1028.861, 254.179):(0, -20)
(1055.257, 283.152):(1, -19)
(1001.93, 282.514):(-1, -19)
(1081.515, 311.666):(2, -18)
(975.081, 310.417):(-2, -18)
(1107.584, 339.617):(3, -17)
(948.467, 338.018):(-3, -17)
(1133.6, 367.478):(4, -16)
(921.899, 365.273):(-4, -16)
(1159.51, 395.127):(5, -15)
(895.391, 392.329):(-5, -15)
(1185.389, 422.345):(6, -14)
(869.026, 418.919):(-6, -14)
(1211.186, 449.29):(7, -13)
(842.513, 445.461):(-7, -13)
(1237.125, 476.158):(8, -12)
(816.069, 471.799):(-8, -12)
(1263.151, 502.915):(9, -11)
(789.509, 497.989):(-9, -11)
(1289.145, 529.49):(10, -10)
(762.849, 524.23):(-10, -10)
(1315.372, 555.949):(11, -9)
(736.253, 550.015):(-11, -9)
(1341.662, 582.415):(12, -8)
(709.495, 575.942):(-12, -8)
(1368.089, 608.876):(13, -7)
(682.54, 601.867):(-13, -7)
(1394.861, 635.209):(14, -6)
(655.277, 627.865):(-14, -6)
(1421.721, 661.645):(15, -5)
(627.857, 653.7):(-15, -5)
(1448.903, 688.087):(16, -4)
(600.172, 679.643):(-16, -4)
(1475.983, 714.698):(17, -3)
(572.094, 705.68):(-17, -3)
(1503.962, 741.4):(18, -2)
(543.771, 731.921):(-18, -2)
(1532.086, 768.396):(19, -1)
(514.896, 758.224):(-19, -1)
(1560.779, 795.395):(20, 0)
(1531.708, 821.872):(19, 1)
(1503.104, 848.128):(18, 2)
(1475.047, 874.314):(17, 3)
(1447.218, 900.451):(16, 4)
(1419.791, 926.547):(15, 5)
(1392.377, 952.535):(14, 6)
(1365.235, 978.617):(13, 7)
(1338.364, 1004.62):(12, 8)
(1311.632, 1030.618):(11, 9)
(1284.996, 1056.738):(10, 10)
(1258.503, 1082.93):(9, 11)
(1231.993, 1109.355):(8, 12)
(1205.458, 1135.981):(7, 13)
(1179.069, 1162.756):(6, 14)
(1152.589, 1189.644):(5, 15)
(1125.958, 1217.006):(4, 16)
(1099.279, 1244.667):(3, 17)
(1072.461, 1272.612):(2, 18)
(1045.438, 1300.922):(1, 19)
(1018.405, 1329.787):(0, 20)
(991.918, 1300.389):(-1, 19)
(965.507, 1271.647):(-2, 18)
(939.14, 1243.147):(-3, 17)
(913.037, 1215.064):(-4, 16)
(886.947, 1187.227):(-5, 15)
(860.885, 1159.741):(-6, 14)
(834.923, 1132.623):(-7, 13)
(809.061, 1105.398):(-8, 12)
(783.078, 1078.573):(-9, 11)
(756.935, 1051.743):(-10, 10)
(730.757, 1025.005):(-11, 9)
(704.545, 998.557):(-12, 8)
(677.988, 971.973):(-13, 7)
(651.427, 945.438):(-14, 6)
(624.529, 918.918):(-15, 5)
(597.494, 892.091):(-16, 4)
(570.077, 865.476):(-17, 3)
(542.338, 838.823):(-18, 2)
(514.271, 811.971):(-19, 1)
(485.76, 784.796):(-20, 0)
(1029.044, 225.266):(0, -21)
(1055.589, 254.448):(1, -20)
(1002.049, 253.93):(-1, -20)
(1081.934, 283.292):(2, -19)
(975.125, 282.171):(-2, -19)
(1108.044, 311.52):(3, -18)
(948.564, 309.949):(-3, -18)
(1134.098, 339.768):(4, -17)
(921.894, 337.39):(-4, -17)
(1160.134, 367.26):(5, -16)
(895.309, 364.565):(-5, -16)
(1186.11, 394.79):(6, -15)
(868.865, 391.452):(-6, -15)
(1211.97, 422.247):(7, -14)
(842.363, 418.083):(-7, -14)
(1237.871, 449.053):(8, -13)
(815.829, 444.722):(-8, -13)
(1263.895, 475.952):(9, -12)
(789.335, 471.024):(-9, -12)
(1289.903, 502.693):(10, -11)
(762.701, 497.132):(-10, -11)
(1316.016, 529.262):(11, -10)
(736.178, 523.447):(-11, -10)
(1342.246, 555.884):(12, -9)
(709.311, 549.314):(-12, -9)
(1368.85, 582.169):(13, -8)
(682.358, 575.219):(-13, -8)
(1395.331, 608.533):(14, -7)
(655.233, 601.064):(-14, -7)
(1422.13, 635.098):(15, -6)
(627.724, 627.014):(-15, -6)
(1449.319, 661.563):(16, -5)
(600.089, 653.106):(-16, -5)
(1476.737, 687.977):(17, -4)
(572.115, 678.998):(-17, -4)
(1504.422, 714.783):(18, -3)
(543.919, 705.098):(-18, -3)
(1532.301, 741.517):(19, -2)
(515.071, 731.397):(-19, -2)
(1560.979, 768.393):(20, -1)
(486.093, 757.781):(-20, -1)
(1589.949, 795.566):(21, 0)
(1560.739, 822.205):(20, 1)
(1531.913, 848.581):(19, 2)
(1503.257, 875.022):(18, 3)
(1475.212, 901.04):(17, 4)
(1420.139, 953.386):(15, 6)
(1392.781, 979.296):(14, 7)
(1365.635, 1005.323):(13, 8)
(1338.747, 1031.219):(12, 9)
(1311.793, 1057.576):(11, 10)
(1285.284, 1083.741):(10, 11)
(1258.679, 1110.11):(9, 12)
(1232.142, 1136.771):(8, 13)
(1205.722, 1163.424):(7, 14)
(1179.124, 1190.361):(6, 15)
(1152.673, 1217.625):(5, 16)
(1126.049, 1245.137):(4, 17)
(1099.245, 1272.948):(3, 18)
(1072.47, 1301.379):(2, 19)
(1045.346, 1330.006):(1, 20)
(1018.073, 1359.156):(0, 21)
(991.377, 1329.557):(-1, 20)
(965.014, 1300.263):(-2, 19)
(938.605, 1271.518):(-3, 18)
(912.425, 1243.098):(-4, 17)
(886.266, 1215.092):(-5, 16)
(860.128, 1187.371):(-6, 15)
(834.331, 1160.021):(-7, 14)
(808.375, 1132.679):(-8, 13)
(782.123, 1105.688):(-9, 12)
(755.929, 1078.791):(-10, 11)
(729.889, 1052.075):(-11, 10)
(703.75, 1025.385):(-12, 9)
(677.231, 998.683):(-13, 8)
(650.628, 972.127):(-14, 7)
(623.859, 945.465):(-15, 6)
(596.821, 918.885):(-16, 5)
(569.352, 892.28):(-17, 4)
(541.917, 865.478):(-18, 3)
(513.849, 838.616):(-19, 2)
(485.283, 811.701):(-20, 1)
(456.455, 784.391):(-21, 0)
(1029.428, 195.915):(0, -22)
(1056.049, 225.546):(1, -21)
(1002.283, 225.005):(-1, -21)
(1082.449, 254.632):(2, -20)
(975.282, 253.423):(-2, -20)
(1108.566, 283.364):(3, -19)
(948.503, 281.763):(-3, -19)
(1134.893, 311.692):(4, -18)
(921.845, 309.438):(-4, -18)
(1160.786, 339.459):(5, -17)
(895.168, 336.823):(-5, -17)
(1186.77, 367.266):(6, -16)
(868.656, 363.938):(-6, -16)
(1212.723, 394.556):(7, -15)
(842.09, 390.857):(-7, -15)
(1238.705, 421.982):(8, -14)
(815.573, 417.366):(-8, -14)
(1264.566, 448.87):(9, -13)
(789.048, 443.806):(-9, -13)
(1290.741, 475.675):(10, -12)
(762.33, 470.303):(-10, -12)
(1316.882, 502.318):(11, -11)
(735.845, 496.442):(-11, -11)
(1343.096, 529.078):(12, -10)
(709.147, 522.386):(-12, -10)
(1369.485, 555.375):(13, -9)
(682.086, 548.281):(-13, -9)
(1396.165, 581.928):(14, -8)
(654.944, 574.279):(-14, -8)
(1422.994, 608.381):(15, -7)
(627.624, 600.409):(-15, -7)
(1449.895, 634.756):(16, -6)
(599.987, 626.26):(-16, -6)
(1477.08, 661.399):(17, -5)
(571.967, 652.483):(-17, -5)
(1504.943, 687.955):(18, -4)
(543.92, 678.388):(-18, -4)
(1532.877, 714.622):(19, -3)
(515.301, 704.523):(-19, -3)
(1561.259, 741.535):(20, -2)
(486.212, 730.904):(-20, -2)
(1590.166, 768.538):(21, -1)
(456.729, 757.442):(-21, -1)
(1619.489, 795.97):(22, 0)
(1560.655, 849.04):(20, 2)
(1531.818, 875.537):(19, 3)
(1503.423, 901.73):(18, 4)
(1475.424, 927.817):(17, 5)
(1447.792, 953.985):(16, 6)
(1420.248, 979.97):(15, 7)
(1393.13, 1006.102):(14, 8)
(1366.077, 1032.108):(13, 9)
(1338.952, 1058.334):(12, 10)
(1312.336, 1084.669):(11, 11)
(1285.638, 1110.97):(10, 12)
(1259.062, 1137.51):(9, 13)
(1232.475, 1164.169):(8, 14)
(1205.974, 1191.077):(7, 15)
(1179.506, 1218.231):(6, 16)
(1152.864, 1245.724):(5, 17)
(1126.101, 1273.683):(4, 18)
(1099.302, 1301.696):(3, 19)
(1072.403, 1330.374):(2, 20)
(1045.168, 1359.414):(1, 21)
(1017.885, 1388.914):(0, 22)
(990.952, 1358.895):(-1, 21)
(964.383, 1329.389):(-2, 20)
(937.947, 1300.319):(-3, 19)
(911.756, 1271.703):(-4, 18)
(885.491, 1243.332):(-5, 17)
(859.406, 1215.316):(-6, 16)
(833.416, 1187.711):(-7, 15)
(807.424, 1160.211):(-8, 14)
(781.353, 1133.052):(-9, 13)
(755.133, 1105.967):(-10, 12)
(729.072, 1079.108):(-11, 11)
(702.769, 1052.354):(-12, 10)
(676.35, 1025.699):(-13, 9)
(649.738, 999.026):(-14, 8)
(623.009, 972.341):(-15, 7)
(595.915, 945.869):(-16, 6)
(568.656, 919.12):(-17, 5)
(541.067, 892.406):(-18, 4)
(513.157, 865.603):(-19, 3)
(455.999, 811.502):(-21, 1)
(426.784, 784.086):(-22, 0)
(1029.694, 166.11):(0, -23)
(1056.369, 196.105):(1, -22)
(1002.45, 195.532):(-1, -22)
(1082.937, 225.652):(2, -21)
(975.404, 224.439):(-2, -21)
(1109.077, 254.638):(3, -20)
(948.487, 252.901):(-3, -20)
(1135.427, 283.245):(4, -19)
(921.706, 280.961):(-4, -19)
(1161.311, 311.49):(5, -18)
(895.033, 308.537):(-5, -18)
(1187.676, 339.364):(6, -17)
(868.462, 336.044):(-6, -17)
(1213.474, 367.063):(7, -16)
(841.816, 362.886):(-7, -16)
(1239.535, 394.319):(8, -15)
(815.274, 389.972):(-8, -15)
(1265.505, 421.485):(9, -14)
(788.756, 416.562):(-9, -14)
(1291.512, 448.607):(10, -13)
(762.012, 442.911):(-10, -13)
(1317.709, 475.37):(11, -12)
(735.537, 469.28):(-11, -12)
(1343.989, 501.962):(12, -11)
(708.691, 495.5):(-12, -11)
(1370.269, 528.685):(13, -10)
(681.75, 521.558):(-13, -10)
(1397.1, 555.073):(14, -9)
(654.653, 547.74):(-14, -9)
(1423.703, 581.657):(15, -8)
(627.365, 573.447):(-15, -8)
(1450.626, 608.025):(16, -7)
(599.753, 599.498):(-16, -7)
(1477.842, 634.634):(17, -6)
(572.011, 625.52):(-17, -6)
(1505.338, 661.234):(18, -5)
(543.879, 651.436):(-18, -5)
(1533.4, 687.973):(19, -4)
(515.159, 677.681):(-19, -4)
(1561.748, 714.794):(20, -3)
(486.301, 703.878):(-20, -3)
(1590.387, 741.629):(21, -2)
(456.968, 730.38):(-21, -2)
(1619.701, 768.771):(22, -1)
(427.104, 757.038):(-22, -1)
(1649.456, 796.069):(23, 0)
(1619.455, 822.978):(22, 1)
(1589.849, 849.482):(21, 2)
(1560.734, 875.999):(20, 3)
(1532.147, 902.43):(19, 4)
(1503.66, 928.529):(18, 5)
(1475.761, 954.66):(17, 6)
(1448.302, 980.913):(16, 7)
(1420.592, 1006.934):(15, 8)
(1393.475, 1032.958):(14, 9)
(1366.379, 1059.166):(13, 10)
(1339.461, 1085.525):(12, 11)
(1312.796, 1111.851):(11, 12)
(1285.993, 1138.349):(10, 13)
(1259.434, 1165.113):(9, 14)
(1232.734, 1191.985):(8, 15)
(1206.347, 1219.224):(7, 16)
(1179.754, 1246.456):(6, 17)
(1153.005, 1274.344):(5, 18)
(1126.328, 1302.245):(4, 19)
(1099.467, 1330.89):(3, 20)
(1072.296, 1359.91):(2, 21)
(1045.032, 1389.249):(1, 22)
(1017.494, 1419.404):(0, 23)
(990.581, 1388.844):(-1, 22)
(963.922, 1358.943):(-2, 21)
(937.368, 1329.54):(-3, 20)
(910.999, 1300.44):(-4, 19)
(884.766, 1271.733):(-5, 18)
(858.629, 1243.669):(-6, 17)
(832.553, 1215.663):(-7, 16)
(806.402, 1188.081):(-8, 15)
(780.46, 1160.628):(-9, 14)
(754.105, 1133.454):(-10, 13)
(728.308, 1106.224):(-11, 12)
(701.879, 1079.505):(-12, 11)
(675.443, 1052.714):(-13, 10)
(648.871, 1025.992):(-14, 9)
(622.062, 999.32):(-15, 8)
(595.016, 972.656):(-16, 7)
(567.825, 945.975):(-17, 6)
(540.365, 919.256):(-18, 5)
(512.317, 892.509):(-19, 4)
(484.281, 865.628):(-20, 3)
(455.487, 838.436):(-21, 2)
(426.277, 811.225):(-22, 1)
(396.663, 783.845):(-23, 0)
(1029.949, 135.895):(0, -24)
(1056.865, 166.267):(1, -23)
(1002.609, 165.754):(-1, -23)
(1083.448, 196.242):(2, -22)
(975.439, 195.028):(-2, -22)
(1109.89, 225.62):(3, -21)
(948.437, 223.844):(-3, -21)
(1136.058, 254.478):(4, -20)
(921.594, 252.171):(-4, -20)
(1162.306, 283.019):(5, -19)
(894.893, 280.238):(-5, -19)
(1188.298, 311.174):(6, -18)
(868.325, 307.751):(-6, -18)
(1214.397, 339.029):(7, -17)
(841.626, 335.136):(-7, -17)
(1240.338, 366.65):(8, -16)
(815.065, 362.246):(-8, -16)
(1266.436, 394.08):(9, -15)
(788.446, 388.996):(-9, -15)
(1292.517, 421.148):(10, -14)
(761.742, 415.601):(-10, -14)
(1318.679, 448.001):(11, -13)
(735.095, 441.98):(-11, -13)
(1344.883, 474.825):(12, -12)
(708.388, 468.344):(-12, -12)
(1371.327, 501.454):(13, -11)
(681.34, 494.437):(-13, -11)
(1397.84, 528.134):(14, -10)
(654.253, 520.676):(-14, -10)
(1424.603, 554.741):(15, -9)
(626.994, 546.622):(-15, -9)
(1451.423, 581.282):(16, -8)
(599.479, 572.582):(-16, -8)
(1478.606, 607.803):(17, -7)
(571.693, 598.508):(-17, -7)
(1506.103, 634.361):(18, -6)
(543.682, 624.684):(-18, -6)
(1534.053, 661.004):(19, -5)
(515.089, 650.789):(-19, -5)
(1562.192, 687.627):(20, -4)
(486.302, 676.968):(-20, -4)
(457.002, 703.351):(-21, -3)
(1620.085, 741.838):(22, -2)
(427.246, 729.828):(-22, -2)
(1649.753, 768.974):(23, -1)
(397.009, 756.552):(-23, -1)
(1679.913, 796.459):(24, 0)
(1649.479, 823.423):(23, 1)
(1619.448, 849.944):(22, 2)
(1589.983, 876.656):(21, 3)
(1560.992, 903.106):(20, 4)
(1532.246, 929.455):(19, 5)
(1504.01, 955.493):(18, 6)
(1476.123, 981.643):(17, 7)
(1448.575, 1007.932):(16, 8)
(1421.244, 1034.054):(15, 9)
(1394.09, 1060.15):(14, 10)
(1366.867, 1086.496):(13, 11)
(1339.896, 1112.825):(12, 12)
(1313.309, 1139.263):(11, 13)
(1286.516, 1166.014):(10, 14)
(1259.845, 1192.834):(9, 15)
(1233.265, 1220.139):(8, 16)
(1206.664, 1247.331):(7, 17)
(1180.035, 1274.998):(6, 18)
(1153.296, 1303.022):(5, 19)
(1126.422, 1331.636):(4, 20)
(1099.372, 1360.406):(3, 21)
(1072.28, 1389.861):(2, 22)
(1044.896, 1419.722):(1, 23)
(1017.175, 1450.157):(0, 24)
(990.134, 1419.253):(-1, 23)
(963.442, 1388.781):(-2, 22)
(936.763, 1358.922):(-3, 21)
(910.28, 1329.633):(-4, 20)
(884.046, 1300.57):(-5, 19)
(857.81, 1272.021):(-6, 18)
(831.583, 1243.936):(-7, 17)
(805.505, 1216.18):(-8, 16)
(779.437, 1188.432):(-9, 15)
(753.16, 1161.068):(-10, 14)
(727.078, 1133.854):(-11, 13)
(700.816, 1106.866):(-12, 12)
(674.503, 1079.952):(-13, 11)
(647.803, 1053.034):(-14, 10)
(621.061, 1026.344):(-15, 9)
(594.027, 999.755):(-16, 8)
(566.819, 972.949):(-17, 7)
(539.362, 946.292):(-18, 6)
(511.555, 919.56):(-19, 5)
(483.393, 892.551):(-20, 4)
(454.781, 865.673):(-21, 3)
(425.658, 838.529):(-22, 2)
(396.038, 811.246):(-23, 1)
(366.123, 783.579):(-24, 0)
(1030.357, 105.108):(0, -25)
(1057.272, 136.084):(1, -24)
(1002.73, 135.495):(-1, -24)
(1084.024, 166.467):(2, -23)
(975.464, 165.284):(-2, -23)
(1110.444, 196.197):(3, -22)
(948.39, 194.414):(-3, -22)
(1136.814, 225.435):(4, -21)
(921.506, 223.134):(-4, -21)
(1163.043, 254.315):(5, -20)
(894.618, 251.389):(-5, -20)
(1189.148, 282.739):(6, -19)
(867.941, 279.287):(-6, -19)
(1215.134, 311.021):(7, -18)
(841.201, 306.955):(-7, -18)
(1241.282, 338.687):(8, -17)
(814.623, 334.162):(-8, -17)
(1267.326, 366.273):(9, -16)
(788.012, 361.085):(-9, -16)
(1293.484, 393.614):(10, -15)
(761.35, 388.092):(-10, -15)
(1319.624, 420.694):(11, -14)
(734.675, 414.51):(-11, -14)
(1345.869, 447.609):(12, -13)
(707.965, 440.963):(-12, -13)
(1372.222, 474.363):(13, -12)
(680.934, 467.158):(-13, -12)
(1398.779, 501.019):(14, -11)
(653.812, 493.453):(-14, -11)
(1425.375, 527.669):(15, -10)
(626.614, 519.553):(-15, -10)
(1452.258, 554.246):(16, -9)
(599.218, 545.569):(-16, -9)
(1479.459, 580.854):(17, -8)
(571.394, 571.553):(-17, -8)
(1506.919, 607.353):(18, -7)
(543.405, 597.601):(-18, -7)
(1534.771, 634.008):(19, -6)
(514.953, 623.825):(-19, -6)
(1562.846, 660.821):(20, -5)
(486.233, 649.905):(-20, -5)
(1591.486, 687.609):(21, -4)
(456.962, 676.148):(-21, -4)
(427.257, 702.663):(-22, -3)
(1620.552, 714.573):(22, -3)
(1650.108, 741.789):(23, -2)
(397.08, 729.309):(-23, -2)
(1680.192, 769.112):(24, -1)
(366.413, 756.141):(-24, -1)
(1710.888, 796.846):(25, 0)
(1679.803, 823.882):(24, 1)
(1649.608, 850.605):(23, 2)
(1619.627, 877.249):(22, 3)
(1590.127, 903.809):(21, 4)
(1561.154, 930.193):(20, 5)
(1532.755, 956.447):(19, 6)
(1504.46, 982.534):(18, 7)
(1476.596, 1008.863):(17, 8)
(1449.054, 1034.926):(16, 9)
(1421.523, 1061.158):(15, 10)
(1367.39, 1113.86):(13, 12)
(1340.598, 1140.31):(12, 13)
(1313.804, 1167.164):(11, 14)
(1286.933, 1193.901):(10, 15)
(1260.448, 1220.986):(9, 16)
(1233.812, 1248.171):(8, 17)
(1207.187, 1275.919):(7, 18)
(1180.37, 1303.768):(6, 19)
(1153.483, 1332.208):(5, 20)
(1126.587, 1360.984):(4, 21)
(1099.571, 1390.206):(3, 22)
(1072.212, 1420.231):(2, 23)
(1044.737, 1450.384):(1, 24)
(1016.923, 1481.68):(0, 25)
(989.739, 1449.762):(-1, 24)
(962.837, 1419.161):(-2, 23)
(936.128, 1388.824):(-3, 22)
(909.491, 1359.015):(-4, 21)
(883.137, 1329.777):(-5, 20)
(857.018, 1300.953):(-6, 19)
(830.587, 1272.527):(-7, 18)
(804.454, 1244.305):(-8, 17)
(778.381, 1216.563):(-9, 16)
(752.16, 1188.891):(-10, 15)
(726.057, 1161.528):(-11, 14)
(699.7, 1134.393):(-12, 13)
(673.216, 1107.25):(-13, 12)
(646.663, 1080.478):(-14, 11)
(620.053, 1053.602):(-15, 10)
(592.986, 1026.802):(-16, 9)
(565.845, 1000.172):(-17, 8)
(538.369, 973.364):(-18, 7)
(510.749, 946.628):(-19, 6)
(482.549, 919.871):(-20, 5)
(453.99, 892.828):(-21, 4)
(425.026, 865.722):(-22, 3)
(395.549, 838.465):(-23, 2)
(365.548, 810.989):(-24, 1)
(334.89, 783.229):(-25, 0)
(1030.576, 73.841):(0, -26)
(1057.608, 105.418):(1, -25)
(1002.895, 104.776):(-1, -25)
(1084.502, 136.188):(2, -24)
(975.461, 135.012):(-2, -24)
(1111.022, 166.401):(3, -23)
(948.19, 164.643):(-3, -23)
(1137.528, 196.034):(4, -22)
(921.234, 193.708):(-4, -22)
(1163.932, 225.283):(5, -21)
(894.353, 222.285):(-5, -21)
(1190.008, 254.069):(6, -20)
(867.559, 250.458):(-6, -20)
(1216.236, 282.348):(7, -19)
(840.849, 278.295):(-7, -19)
(1242.257, 310.497):(8, -18)
(814.106, 305.905):(-8, -18)
(1268.312, 338.215):(9, -17)
(787.46, 333.071):(-9, -17)
(1294.415, 365.709):(10, -16)
(760.929, 360.167):(-10, -16)
(1320.646, 393.012):(11, -15)
(734.137, 386.93):(-11, -15)
(1346.95, 420.153):(12, -14)
(707.429, 413.363):(-12, -14)
(1373.226, 446.963):(13, -13)
(680.415, 439.816):(-13, -13)
(1399.772, 473.81):(14, -12)
(653.265, 465.994):(-14, -12)
(1426.304, 500.426):(15, -11)
(626.233, 492.363):(-15, -11)
(1453.184, 527.213):(16, -10)
(598.705, 518.413):(-16, -10)
(1480.423, 553.885):(17, -9)
(571.026, 544.478):(-17, -9)
(1507.833, 580.322):(18, -8)
(542.968, 570.516):(-18, -8)
(1535.517, 606.964):(19, -7)
(514.737, 596.67):(-19, -7)
(1563.663, 633.765):(20, -6)
(485.929, 622.812):(-20, -6)
(1591.988, 660.518):(21, -5)
(456.845, 649.072):(-21, -5)
(1621.053, 687.418):(22, -4)
(427.241, 675.474):(-22, -4)
(397.185, 701.999):(-23, -3)
(1650.564, 714.482):(23, -3)
(1680.531, 741.744):(24, -2)
(366.529, 728.717):(-24, -2)
(1711.09, 769.29):(25, -1)
(335.147, 755.62):(-25, -1)
(1742.387, 797.018):(26, 0)
(1710.978, 824.292):(25, 1)
(1679.987, 851.206):(24, 2)
(1649.655, 877.92):(23, 3)
(1619.926, 904.543):(22, 4)
(1590.583, 930.983):(21, 5)
(1561.708, 957.399):(20, 6)
(1533.183, 983.546):(19, 7)
(1504.972, 1009.834):(18, 8)
(1477.226, 1035.999):(17, 9)
(1449.589, 1062.174):(16, 10)
(1422.228, 1088.57):(15, 11)
(1395.162, 1114.946):(14, 12)
(1368.089, 1141.47):(13, 13)
(1341.188, 1168.105):(12, 14)
(1314.411, 1194.971):(11, 15)
(1287.814, 1221.904):(10, 16)
(1260.964, 1249.297):(9, 17)
(1234.35, 1276.999):(8, 18)
(1207.512, 1304.822):(7, 19)
(1180.63, 1333.181):(6, 20)
(1153.769, 1361.792):(5, 21)
(1126.951, 1390.926):(4, 22)
(1099.637, 1420.837):(3, 23)
(1072.211, 1451.01):(2, 24)
(1044.604, 1482.122):(1, 25)
(1016.625, 1513.653):(0, 26)
(989.268, 1481.431):(-1, 25)
(962.13, 1449.938):(-2, 24)
(935.373, 1419.247):(-3, 23)
(908.745, 1389.016):(-4, 22)
(882.211, 1359.493):(-5, 21)
(855.943, 1330.222):(-6, 20)
(829.637, 1301.422):(-7, 19)
(803.431, 1272.967):(-8, 18)
(777.244, 1244.935):(-9, 17)
(751.123, 1217.12):(-10, 16)
(724.841, 1189.534):(-11, 15)
(698.564, 1162.065):(-12, 14)
(672.104, 1134.947):(-13, 13)
(645.684, 1108.038):(-14, 12)
(618.867, 1081.01):(-15, 11)
(591.963, 1054.014):(-16, 10)
(564.761, 1027.434):(-17, 9)
(537.313, 1000.601):(-18, 8)
(509.751, 973.677):(-19, 7)
(481.641, 946.978):(-20, 6)
(453.201, 920.008):(-21, 5)
(424.313, 892.983):(-22, 4)
(394.825, 865.866):(-23, 3)
(365.025, 838.389):(-24, 2)
(334.279, 810.843):(-25, 1)
(302.977, 782.987):(-26, 0)
(1030.857, 42.288):(0, -27)
(1058.061, 74.084):(1, -26)
(1002.986, 73.439):(-1, -26)
(1084.993, 105.402):(2, -25)
(975.519, 104.205):(-2, -25)
(1111.757, 136.242):(3, -24)
(948.176, 134.429):(-3, -24)
(1138.361, 166.268):(4, -23)
(921.015, 163.807):(-4, -23)
(1164.695, 195.879):(5, -22)
(893.92, 192.908):(-5, -22)
(1190.964, 224.974):(6, -21)
(867.212, 221.365):(-6, -21)
(1217.084, 253.584):(7, -20)
(840.507, 249.525):(-7, -20)
(1243.315, 281.955):(8, -19)
(813.794, 277.344):(-8, -19)
(1269.435, 309.992):(9, -18)
(786.818, 304.785):(-9, -18)
(1295.447, 337.669):(10, -17)
(760.253, 331.977):(-10, -17)
(1321.808, 365.162):(11, -16)
(733.554, 358.966):(-11, -16)
(1348.023, 392.56):(12, -15)
(706.807, 385.704):(-12, -15)
(1374.462, 419.472):(13, -14)
(679.864, 412.219):(-13, -14)
(1400.955, 446.261):(14, -13)
(652.89, 438.478):(-14, -13)
(1427.625, 473.205):(15, -12)
(625.68, 464.847):(-15, -12)
(1454.366, 499.983):(16, -11)
(597.999, 491.094):(-16, -11)
(1481.442, 526.635):(17, -10)
(570.386, 517.23):(-17, -10)
(1508.862, 553.213):(18, -9)
(542.59, 543.429):(-18, -9)
(1536.467, 579.872):(19, -8)
(514.159, 569.305):(-19, -8)
(1564.527, 606.524):(20, -7)
(485.529, 595.652):(-20, -7)
(1592.895, 633.294):(21, -6)
(456.583, 621.864):(-21, -6)
(1621.932, 660.12):(22, -5)
(427.137, 648.14):(-22, -5)
(1651.128, 687.162):(23, -4)
(397.16, 674.656):(-23, -4)
(366.571, 701.199):(-24, -3)
(1681.082, 714.427):(24, -3)
(1711.385, 741.784):(25, -2)
(335.355, 727.956):(-25, -2)
(1742.665, 769.418):(26, -1)
(303.456, 755.166):(-26, -1)
(1774.33, 797.423):(27, 0)
(1742.324, 824.779):(26, 1)
(1710.947, 851.793):(25, 2)
(1680.118, 878.668):(24, 3)
(1649.974, 905.343):(23, 4)
(1620.158, 931.956):(22, 5)
(1590.948, 958.233):(21, 6)
(1562.25, 984.638):(20, 7)
(1533.793, 1010.899):(19, 8)
(1505.795, 1037.123):(18, 9)
(1477.933, 1063.44):(17, 10)
(1450.323, 1089.776):(16, 11)
(1423.048, 1116.15):(15, 12)
(1395.749, 1142.614):(14, 13)
(1368.772, 1169.201):(13, 14)
(1341.873, 1196.064):(12, 15)
(1315.071, 1223.155):(11, 16)
(1288.375, 1250.437):(10, 17)
(1261.601, 1277.988):(9, 18)
(1234.92, 1305.86):(8, 19)
(1208.023, 1334.139):(7, 20)
(1181.306, 1362.752):(6, 21)
(1154.207, 1391.824):(5, 22)
(1127.12, 1421.371):(4, 23)
(1099.858, 1451.485):(3, 24)
(1072.192, 1482.673):(2, 25)
(1044.448, 1513.786):(1, 26)
(988.848, 1513.532):(-1, 26)
(961.647, 1481.352):(-2, 25)
(934.715, 1450.043):(-3, 24)
(907.964, 1419.521):(-4, 23)
(881.209, 1389.336):(-5, 22)
(855.002, 1359.772):(-6, 21)
(828.579, 1330.666):(-7, 20)
(802.221, 1301.906):(-8, 19)
(776.057, 1273.668):(-9, 18)
(749.859, 1245.51):(-10, 17)
(723.659, 1217.721):(-11, 16)
(697.204, 1190.105):(-12, 15)
(670.858, 1162.781):(-13, 14)
(644.331, 1135.571):(-14, 13)
(617.535, 1108.59):(-15, 12)
(590.787, 1081.668):(-16, 11)
(563.51, 1054.807):(-17, 10)
(536.203, 1027.911):(-18, 9)
(508.453, 1001.11):(-19, 8)
(480.484, 974.291):(-20, 7)
(452.209, 947.219):(-21, 6)
(423.384, 920.222):(-22, 5)
(394.056, 893.221):(-23, 4)
(364.294, 865.86):(-24, 3)
(333.822, 838.397):(-25, 2)
(302.812, 810.616):(-26, 1)
(271.042, 782.609):(-27, 0)
(1031.151, 9.638):(0, -28)
(1058.558, 42.281):(1, -27)
(1003.107, 41.75):(-1, -27)
(1085.611, 74.242):(2, -26)
(975.514, 73.239):(-2, -26)
(1112.531, 105.402):(3, -25)
(948.023, 103.548):(-3, -25)
(1139.143, 135.783):(4, -24)
(920.838, 133.337):(-4, -24)
(1165.577, 165.954):(5, -23)
(893.794, 163.0):(-5, -23)
(1191.946, 195.421):(6, -22)
(866.854, 191.815):(-6, -22)
(1218.157, 224.415):(7, -21)
(839.954, 220.274):(-7, -21)
(1244.387, 253.088):(8, -20)
(813.117, 248.423):(-8, -20)
(1270.526, 281.346):(9, -19)
(786.373, 276.257):(-9, -19)
(1296.828, 309.426):(10, -18)
(759.703, 303.575):(-10, -18)
(1322.973, 336.945):(11, -17)
(732.931, 330.56):(-11, -17)
(1349.226, 364.364):(12, -16)
(706.075, 357.669):(-12, -16)
(1375.577, 391.686):(13, -15)
(679.201, 384.445):(-13, -15)
(1401.992, 418.916):(14, -14)
(652.036, 410.974):(-14, -14)
(1428.76, 445.674):(15, -13)
(624.917, 437.201):(-15, -13)
(1455.511, 472.49):(16, -12)
(597.404, 463.631):(-16, -12)
(1482.556, 499.178):(17, -11)
(569.827, 489.993):(-17, -11)
(1509.882, 525.926):(18, -10)
(541.926, 516.029):(-18, -10)
(1537.554, 552.603):(19, -9)
(513.756, 542.097):(-19, -9)
(1565.492, 579.283):(20, -8)
(485.139, 568.239):(-20, -8)
(1593.883, 605.999):(21, -7)
(456.14, 594.53):(-21, -7)
(1622.698, 632.764):(22, -6)
(426.777, 620.849):(-22, -6)
(1651.841, 659.774):(23, -5)
(396.891, 647.122):(-23, -5)
(1681.571, 686.968):(24, -4)
(366.447, 673.858):(-24, -4)
(335.374, 700.513):(-25, -3)
(1712.003, 714.204):(25, -3)
(1742.943, 741.748):(26, -2)
(303.712, 727.482):(-26, -2)
(1774.757, 769.488):(27, -1)
(271.207, 754.704):(-27, -1)
(1807.138, 797.726):(28, 0)
(1774.45, 825.241):(27, 1)
(1742.431, 852.422):(26, 2)
(1711.194, 879.416):(25, 3)
(1680.583, 906.196):(24, 4)
(1650.408, 932.827):(23, 5)
(1620.914, 959.408):(22, 6)
(1591.756, 985.743):(21, 7)
(1562.825, 1012.017):(20, 8)
(1534.529, 1038.201):(19, 9)
(1506.455, 1064.613):(18, 10)
(1478.726, 1090.973):(17, 11)
(1451.067, 1117.508):(16, 12)
(1423.711, 1143.949):(15, 13)
(1396.737, 1170.663):(14, 14)
(1369.625, 1197.412):(13, 15)
(1342.732, 1224.402):(12, 16)
(1315.883, 1251.677):(11, 17)
(1289.039, 1279.112):(10, 18)
(1262.328, 1307.087):(9, 19)
(1235.485, 1335.148):(8, 20)
(1208.658, 1363.922):(7, 21)
(1181.673, 1392.768):(6, 22)
(1154.553, 1422.171):(5, 23)
(1127.465, 1452.247):(4, 24)
(1099.921, 1483.447):(3, 25)
(1072.289, 1514.585):(2, 26)
(960.947, 1513.683):(-2, 26)
(933.943, 1481.329):(-3, 25)
(906.963, 1450.328):(-4, 24)
(880.36, 1419.903):(-5, 23)
(853.843, 1389.81):(-6, 22)
(827.427, 1360.25):(-7, 21)
(801.103, 1331.236):(-8, 20)
(774.773, 1302.607):(-9, 19)
(748.563, 1274.148):(-10, 18)
(722.259, 1246.134):(-11, 17)
(696.05, 1218.5):(-12, 16)
(669.472, 1190.952):(-13, 15)
(642.952, 1163.576):(-14, 14)
(616.095, 1136.522):(-15, 13)
(589.264, 1109.376):(-16, 12)
(562.145, 1082.295):(-17, 11)
(534.997, 1055.454):(-18, 10)
(507.225, 1028.481):(-19, 9)
(479.304, 1001.523):(-20, 8)
(451.041, 974.776):(-21, 7)
(422.166, 947.856):(-22, 6)
(393.187, 920.619):(-23, 5)
(363.26, 893.311):(-24, 4)
(332.967, 866.006):(-25, 3)
(302.13, 838.389):(-26, 2)
(270.349, 810.449):(-27, 1)
(237.984, 782.253):(-28, 0)
(1059.053, 9.887):(1, -28)
(1003.33, 9.187):(-1, -28)
(1086.192, 42.411):(2, -27)
(975.486, 41.183):(-2, -27)
(1113.296, 73.998):(3, -26)
(947.921, 72.199):(-3, -26)
(1140.01, 105.193):(4, -25)
(920.497, 102.822):(-4, -25)
(1166.523, 135.638):(5, -24)
(893.304, 132.719):(-5, -24)
(1192.997, 165.518):(6, -23)
(866.398, 162.017):(-6, -23)
(1219.307, 194.938):(7, -22)
(839.477, 190.741):(-7, -22)
(1245.524, 223.876):(8, -21)
(812.579, 219.129):(-8, -21)
(1271.674, 252.493):(9, -20)
(785.713, 247.193):(-9, -20)
(1297.914, 280.71):(10, -19)
(758.921, 275.074):(-10, -19)
(1324.189, 308.674):(11, -18)
(732.247, 302.492):(-11, -18)
(1350.538, 336.211):(12, -17)
(705.313, 329.212):(-12, -17)
(1376.868, 363.674):(13, -16)
(678.291, 356.201):(-13, -16)
(1403.344, 390.911):(14, -15)
(651.317, 382.983):(-14, -15)
(1429.942, 417.95):(15, -14)
(624.11, 409.46):(-15, -14)
(1456.712, 444.832):(16, -13)
(596.705, 435.85):(-16, -13)
(1483.863, 471.735):(17, -12)
(568.966, 462.162):(-17, -12)
(1511.021, 498.486):(18, -11)
(541.238, 488.399):(-18, -11)
(1538.617, 525.13):(19, -10)
(513.089, 514.701):(-19, -10)
(1566.674, 551.938):(20, -9)
(484.504, 540.92):(-20, -9)
(1594.76, 578.657):(21, -8)
(455.717, 567.027):(-21, -8)
(1623.783, 605.43):(22, -7)
(426.384, 593.387):(-22, -7)
(1652.904, 632.479):(23, -6)
(396.592, 619.732):(-23, -6)
(1682.333, 659.387):(24, -5)
(366.208, 646.185):(-24, -5)
(1712.727, 686.629):(25, -4)
(335.21, 672.822):(-25, -4)
(303.566, 699.714):(-26, -3)
(1743.425, 714.02):(26, -3)
(1775.057, 741.757):(27, -2)
(271.528, 726.863):(-27, -2)
(1807.301, 769.751):(28, -1)
(238.365, 754.251):(-28, -1)
(1840.646, 798.018):(29, 0)
(1807.135, 825.71):(28, 1)
(1742.812, 880.215):(26, 3)
(1711.437, 906.979):(25, 4)
(1681.074, 933.792):(24, 5)
(1650.912, 960.435):(23, 6)
(1621.432, 986.874):(22, 7)
(1592.378, 1013.038):(21, 8)
(1563.703, 1039.562):(20, 9)
(1535.26, 1065.912):(19, 10)
(1507.298, 1092.271):(18, 11)
(1479.558, 1118.795):(17, 12)
(1452.096, 1145.338):(16, 13)
(1424.701, 1172.033):(15, 14)
(1397.591, 1198.873):(14, 15)
(1370.458, 1225.825):(13, 16)
(1343.588, 1252.999):(12, 17)
(1316.777, 1280.473):(11, 18)
(1289.882, 1308.194):(10, 19)
(1263.186, 1336.542):(9, 20)
(1236.234, 1364.961):(8, 21)
(1209.296, 1393.789):(7, 22)
(1182.233, 1423.256):(6, 23)
(1155.013, 1453.108):(5, 24)
(1127.749, 1483.896):(4, 25)
(1100.095, 1514.946):(3, 26)
(933.056, 1513.57):(-3, 26)
(906.034, 1481.974):(-4, 25)
(879.312, 1450.753):(-5, 24)
(852.771, 1420.45):(-6, 23)
(826.131, 1390.326):(-7, 22)
(799.759, 1360.963):(-8, 21)
(773.465, 1331.984):(-9, 20)
(747.143, 1303.251):(-10, 19)
(720.88, 1274.998):(-11, 18)
(694.47, 1247.056):(-12, 17)
(668.053, 1219.255):(-13, 16)
(641.575, 1191.861):(-14, 15)
(614.88, 1164.422):(-15, 14)
(587.913, 1137.208):(-16, 13)
(560.827, 1110.146):(-17, 12)
(533.502, 1083.215):(-18, 11)
(505.963, 1056.109):(-19, 10)
(478.055, 1029.237):(-20, 9)
(449.735, 1002.343):(-21, 8)
(420.854, 975.339):(-22, 7)
(391.921, 948.309):(-23, 6)
(362.283, 921.088):(-24, 5)
(331.984, 893.766):(-25, 4)
(301.253, 866.187):(-26, 3)
(269.744, 838.405):(-27, 2)
(237.377, 810.378):(-28, 1)
(204.476, 782.001):(-29, 0)
(1086.945, 9.998):(2, -28)
(975.463, 8.622):(-2, -28)
(1113.898, 42.307):(3, -27)
(947.739, 40.463):(-3, -27)
(1140.914, 73.855):(4, -26)
(920.288, 71.381):(-4, -26)
(1167.532, 104.749):(5, -25)
(892.922, 101.689):(-5, -25)
(1194.067, 135.114):(6, -24)
(865.892, 131.497):(-6, -24)
(1220.452, 164.891):(7, -23)
(838.91, 160.676):(-7, -23)
(1246.813, 194.243):(8, -22)
(811.976, 189.468):(-8, -22)
(1273.023, 223.148):(9, -21)
(785.089, 217.814):(-9, -21)
(1299.122, 251.731):(10, -20)
(758.283, 245.814):(-10, -20)
(1325.527, 279.93):(11, -19)
(731.414, 273.51):(-11, -19)
(1351.839, 307.787):(12, -18)
(704.479, 301.017):(-12, -18)
(1378.226, 335.372):(13, -17)
(677.485, 327.785):(-13, -17)
(1404.905, 362.752):(14, -16)
(650.5, 354.767):(-14, -16)
(1431.303, 389.911):(15, -15)
(623.274, 381.629):(-15, -15)
(1458.124, 417.085):(16, -14)
(595.882, 408.032):(-16, -14)
(1485.092, 444.029):(17, -13)
(568.181, 434.408):(-17, -13)
(1512.413, 470.888):(18, -12)
(540.431, 460.893):(-18, -12)
(1540.035, 497.662):(19, -11)
(512.285, 487.014):(-19, -11)
(1567.889, 524.508):(20, -10)
(483.828, 513.21):(-20, -10)
(1596.008, 551.186):(21, -9)
(454.992, 539.553):(-21, -9)
(1624.707, 578.003):(22, -8)
(425.829, 565.814):(-22, -8)
(1653.717, 604.926):(23, -7)
(396.07, 592.191):(-23, -7)
(1683.37, 631.962):(24, -6)
(365.878, 618.577):(-24, -6)
(1713.407, 659.031):(25, -5)
(334.994, 645.066):(-25, -5)
(1744.064, 686.291):(26, -4)
(303.432, 671.963):(-26, -4)
(271.456, 698.911):(-27, -3)
(1775.621, 713.872):(27, -3)
(1807.893, 741.7):(28, -2)
(238.516, 726.1):(-28, -2)
(1840.789, 769.898):(29, -1)
(204.921, 753.805):(-29, -1)
(1875.025, 798.364):(30, 0)
(1840.611, 826.213):(29, 1)
(1807.288, 853.782):(28, 2)
(1774.85, 881.068):(27, 3)
(1743.196, 908.006):(26, 4)
(1712.104, 934.807):(25, 5)
(1681.688, 961.456):(24, 6)
(1622.155, 1014.424):(22, 8)
(1593.23, 1040.851):(21, 9)
(1564.653, 1067.264):(20, 10)
(1536.257, 1093.66):(19, 11)
(1508.313, 1120.08):(18, 12)
(1480.606, 1146.767):(17, 13)
(1453.042, 1173.394):(16, 14)
(1425.896, 1200.272):(15, 15)
(1398.64, 1227.338):(14, 16)
(1371.507, 1254.436):(13, 17)
(1344.59, 1281.975):(12, 18)
(1317.732, 1309.529):(11, 19)
(1290.699, 1337.721):(10, 20)
(1263.878, 1366.179):(9, 21)
(1237.018, 1394.971):(8, 22)
(1209.948, 1424.388):(7, 23)
(1182.848, 1454.085):(6, 24)
(1155.49, 1484.897):(5, 25)
(1128.054, 1515.911):(4, 26)
(905.08, 1513.784):(-4, 26)
(878.152, 1482.281):(-5, 25)
(851.583, 1451.21):(-6, 24)
(824.968, 1421.113):(-7, 23)
(798.391, 1391.234):(-8, 22)
(772.211, 1361.731):(-9, 21)
(745.768, 1332.868):(-10, 20)
(719.449, 1304.21):(-11, 19)
(692.931, 1275.918):(-12, 18)
(666.591, 1247.972):(-13, 17)
(639.994, 1220.197):(-14, 16)
(613.231, 1192.796):(-15, 15)
(586.326, 1165.328):(-16, 14)
(559.185, 1138.033):(-17, 13)
(532.079, 1110.997):(-18, 12)
(504.414, 1083.994):(-19, 11)
(476.37, 1057.008):(-20, 10)
(448.3, 1029.996):(-21, 9)
(419.744, 1002.972):(-22, 8)
(390.566, 975.971):(-23, 7)
(361.109, 948.756):(-24, 6)
(330.93, 921.525):(-25, 5)
(300.308, 893.979):(-26, 4)
(268.901, 866.411):(-27, 3)
(236.631, 838.454):(-28, 2)
(203.863, 810.074):(-29, 1)
(169.945, 781.58):(-30, 0)
(1114.856, 9.835):(3, -28)
(947.464, 7.796):(-3, -28)
(1141.778, 41.964):(4, -27)
(919.964, 39.502):(-4, -27)
(1168.575, 73.438):(5, -26)
(892.579, 70.285):(-5, -26)
(1195.219, 104.228):(6, -25)
(865.275, 100.714):(-6, -25)
(1221.633, 134.506):(7, -24)
(838.233, 130.365):(-7, -24)
(1248.088, 164.317):(8, -23)
(811.132, 159.353):(-8, -23)
(1274.4, 193.372):(9, -22)
(784.291, 188.131):(-9, -22)
(1300.626, 222.284):(10, -21)
(757.456, 216.433):(-10, -21)
(1326.912, 250.773):(11, -20)
(730.566, 244.256):(-11, -20)
(1353.344, 278.93):(12, -19)
(703.667, 271.949):(-12, -19)
(1379.827, 306.863):(13, -18)
(676.635, 299.302):(-13, -18)
(1406.3, 334.319):(14, -17)
(649.558, 326.3):(-14, -17)
(1432.945, 361.655):(15, -16)
(622.303, 353.143):(-15, -16)
(1459.626, 388.947):(16, -15)
(594.997, 379.888):(-16, -15)
(1486.59, 416.09):(17, -14)
(567.379, 406.332):(-17, -14)
(1513.952, 442.987):(18, -13)
(539.554, 432.837):(-18, -13)
(1541.3, 469.905):(19, -12)
(511.371, 459.26):(-19, -12)
(1569.147, 496.81):(20, -11)
(483.036, 485.46):(-20, -11)
(1597.186, 523.594):(21, -10)
(454.205, 511.738):(-21, -10)
(1625.834, 550.468):(22, -9)
(425.088, 538.042):(-22, -9)
(1654.877, 577.292):(23, -8)
(395.448, 564.581):(-23, -8)
(1684.361, 604.258):(24, -7)
(365.372, 590.85):(-24, -7)
(1714.304, 631.356):(25, -6)
(334.411, 617.295):(-25, -6)
(1745.16, 658.564):(26, -5)
(303.311, 644.039):(-26, -5)
(1776.286, 685.996):(27, -4)
(271.101, 670.912):(-27, -4)
(238.413, 698.181):(-28, -3)
(1808.463, 714.0):(28, -3)
(1841.219, 741.66):(29, -2)
(205.007, 725.42):(-29, -2)
(1875.034, 769.934):(30, -1)
(170.236, 753.177):(-30, -1)
(1910.285, 798.887):(31, 0)
(1875.061, 826.777):(30, 1)
(1840.93, 854.511):(29, 2)
(1807.647, 881.969):(28, 3)
(1775.41, 908.884):(27, 4)
(1743.822, 936.023):(26, 5)
(1712.931, 962.636):(25, 6)
(1682.436, 989.337):(24, 7)
(1652.662, 1016.0):(23, 8)
(1623.124, 1042.228):(22, 9)
(1594.153, 1068.797):(21, 10)
(1565.696, 1095.163):(20, 11)
(1537.409, 1121.676):(19, 12)
(1509.383, 1148.13):(18, 13)
(1481.764, 1174.954):(17, 14)
(1454.142, 1201.844):(16, 15)
(1426.974, 1228.845):(15, 16)
(1399.752, 1256.053):(14, 17)
(1372.584, 1283.46):(13, 18)
(1345.585, 1311.169):(12, 19)
(1318.676, 1339.105):(11, 20)
(1291.675, 1367.554):(10, 21)
(1264.75, 1396.344):(9, 22)
(1237.702, 1425.75):(8, 23)
(1210.653, 1455.467):(7, 24)
(1183.414, 1485.969):(6, 25)
(1155.995, 1516.794):(5, 26)
(876.99, 1514.456):(-5, 26)
(850.244, 1482.906):(-6, 25)
(823.595, 1452.018):(-7, 24)
(797.041, 1421.829):(-8, 23)
(770.569, 1391.975):(-9, 22)
(744.169, 1362.646):(-10, 21)
(717.906, 1333.703):(-11, 20)
(691.33, 1305.114):(-12, 19)
(664.833, 1277.056):(-13, 18)
(638.239, 1249.054):(-14, 17)
(611.617, 1221.202):(-15, 16)
(584.656, 1193.856):(-16, 15)
(557.712, 1166.482):(-17, 14)
(530.281, 1139.07):(-18, 13)
(502.767, 1112.05):(-19, 12)
(474.921, 1085.007):(-20, 11)
(446.767, 1057.933):(-21, 10)
(418.28, 1030.912):(-22, 9)
(389.271, 1003.799):(-23, 8)
(359.848, 976.671):(-24, 7)
(329.747, 949.422):(-25, 6)
(299.097, 921.999):(-26, 5)
(267.885, 894.433):(-27, 4)
(235.754, 866.687):(-28, 3)
(203.012, 838.483):(-29, 2)
(169.517, 810.005):(-30, 1)
(134.802, 781.289):(-31, 0)
(1142.87, 9.438):(4, -28)
(919.607, 7.019):(-4, -28)
(1169.695, 41.515):(5, -27)
(892.046, 38.401):(-5, -27)
(1196.418, 72.85):(6, -26)
(864.682, 69.113):(-6, -26)
(1222.861, 103.67):(7, -25)
(837.553, 99.353):(-7, -25)
(1249.409, 133.684):(8, -24)
(810.539, 129.078):(-8, -24)
(1275.792, 163.479):(9, -23)
(783.474, 157.978):(-9, -23)
(1302.101, 192.439):(10, -22)
(756.587, 186.621):(-10, -22)
(1328.48, 221.306):(11, -21)
(729.597, 214.778):(-11, -21)
(1354.985, 249.766):(12, -20)
(702.659, 242.745):(-12, -20)
(1381.168, 277.99):(13, -19)
(675.65, 270.281):(-13, -19)
(1407.802, 305.716):(14, -18)
(648.491, 297.587):(-14, -18)
(1434.523, 333.14):(15, -17)
(621.272, 324.609):(-15, -17)
(1461.264, 360.618):(16, -16)
(593.975, 351.405):(-16, -16)
(1488.319, 387.694):(17, -15)
(566.338, 378.223):(-17, -15)
(1515.41, 414.933):(18, -14)
(538.541, 404.81):(-18, -14)
(1542.863, 441.891):(19, -13)
(510.506, 431.247):(-19, -13)
(1570.72, 468.863):(20, -12)
(482.126, 457.589):(-20, -12)
(1598.835, 495.786):(21, -11)
(453.358, 483.871):(-21, -11)
(1627.33, 522.67):(22, -10)
(424.24, 510.218):(-22, -10)
(1656.127, 549.562):(23, -9)
(394.66, 536.575):(-23, -9)
(1685.626, 576.525):(24, -8)
(364.636, 562.986):(-24, -8)
(1715.478, 603.517):(25, -7)
(334.018, 589.405):(-25, -7)
(1746.066, 630.777):(26, -6)
(302.744, 616.074):(-26, -6)
(1777.22, 658.051):(27, -5)
(270.679, 642.922):(-27, -5)
(1809.036, 685.659):(28, -4)
(238.146, 669.86):(-28, -4)
(204.977, 697.04):(-29, -3)
(1841.969, 713.475):(29, -3)
(1876.0, 742.0):(30, -2)
(170.473, 724.724):(-30, -2)
(1910.264, 770.197):(31, -1)
(134.978, 752.544):(-31, -1)
(1945.866, 798.999):(32, 0)
(1909.834, 827.317):(31, 1)
(1875.232, 855.206):(30, 2)
(1841.296, 882.864):(29, 3)
(1808.057, 910.027):(28, 4)
(1775.95, 936.939):(27, 5)
(1744.626, 963.86):(26, 6)
(1713.721, 990.635):(25, 7)
(1683.445, 1017.215):(24, 8)
(1653.535, 1043.761):(23, 9)
(1624.212, 1070.172):(22, 10)
(1595.249, 1096.872):(21, 11)
(1566.749, 1123.155):(20, 12)
(1538.574, 1149.945):(19, 13)
(1510.615, 1176.61):(18, 14)
(1482.936, 1203.437):(17, 15)
(1455.409, 1230.515):(16, 16)
(1428.16, 1257.758):(15, 17)
(1400.881, 1285.087):(14, 18)
(1373.715, 1312.851):(13, 19)
(1346.727, 1340.796):(12, 20)
(1319.7, 1369.074):(11, 21)
(1292.753, 1398.0):(10, 22)
(1265.727, 1427.209):(9, 23)
(1238.673, 1456.771):(8, 24)
(1211.523, 1487.165):(7, 25)
(1184.133, 1518.063):(6, 26)
(848.984, 1515.099):(-6, 26)
(822.124, 1483.735):(-7, 25)
(795.63, 1452.928):(-8, 24)
(769.023, 1422.704):(-9, 23)
(742.598, 1392.996):(-10, 22)
(716.077, 1363.776):(-11, 21)
(689.673, 1334.755):(-12, 20)
(663.17, 1306.222):(-13, 19)
(636.511, 1278.044):(-14, 18)
(609.798, 1250.238):(-15, 17)
(582.885, 1222.511):(-16, 16)
(555.799, 1194.975):(-17, 15)
(528.487, 1167.57):(-18, 14)
(501.038, 1140.245):(-19, 13)
(473.331, 1113.057):(-20, 12)
(445.128, 1085.999):(-21, 11)
(416.588, 1058.882):(-22, 10)
(387.617, 1031.884):(-23, 9)
(358.218, 1004.651):(-24, 8)
(328.207, 977.432):(-25, 7)
(297.679, 950.052):(-26, 6)
(266.431, 922.546):(-27, 5)
(234.653, 894.875):(-28, 4)
(202.191, 866.902):(-29, 3)
(168.376, 838.743):(-30, 2)
(134.129, 809.95):(-31, 1)
(1170.898, 8.975):(5, -28)
(891.541, 5.903):(-5, -28)
(1197.689, 40.849):(6, -27)
(864.074, 37.163):(-6, -27)
(1224.266, 71.936):(7, -26)
(836.873, 67.863):(-7, -26)
(1250.919, 102.809):(8, -25)
(809.605, 97.775):(-8, -25)
(1277.301, 132.712):(9, -24)
(782.53, 127.324):(-9, -24)
(1303.614, 162.364):(10, -23)
(755.622, 156.328):(-10, -23)
(1330.139, 191.427):(11, -22)
(728.545, 184.876):(-11, -22)
(1356.502, 220.234):(12, -21)
(701.554, 213.151):(-12, -21)
(1382.941, 248.699):(13, -20)
(674.561, 241.021):(-13, -20)
(1409.568, 276.74):(14, -19)
(647.411, 268.548):(-14, -19)
(1436.185, 304.526):(15, -18)
(620.124, 295.848):(-15, -18)
(1462.968, 332.057):(16, -17)
(592.827, 322.857):(-16, -17)
(1490.016, 359.313):(17, -16)
(565.142, 349.52):(-17, -16)
(1517.085, 386.667):(18, -15)
(537.492, 376.45):(-18, -15)
(1544.602, 413.765):(19, -14)
(509.384, 403.026):(-19, -14)
(1572.252, 440.856):(20, -13)
(481.074, 429.328):(-20, -13)
(1600.377, 467.707):(21, -12)
(452.273, 455.843):(-21, -12)
(1628.817, 494.705):(22, -11)
(423.16, 482.123):(-22, -11)
(1657.779, 521.641):(23, -10)
(393.811, 508.558):(-23, -10)
(1686.884, 548.577):(24, -9)
(363.762, 534.986):(-24, -9)
(1717.037, 575.58):(25, -8)
(333.244, 561.565):(-25, -8)
(1747.407, 602.787):(26, -7)
(302.112, 587.94):(-26, -7)
(1778.326, 629.936):(27, -6)
(270.218, 614.693):(-27, -6)
(1810.067, 657.493):(28, -5)
(237.661, 641.724):(-28, -5)
(1842.66, 685.211):(29, -4)
(204.644, 668.811):(-29, -4)
(170.321, 696.0):(-30, -3)
(1875.977, 713.185):(30, -3)
(1910.56, 741.545):(31, -2)
(135.058, 724.009):(-31, -2)
(1946.135, 770.239):(32, -1)
(1945.868, 827.946):(32, 1)
(1910.216, 855.947):(31, 2)
(1875.719, 884.0):(30, 3)
(1841.974, 911.18):(29, 4)
(1808.972, 938.259):(28, 5)
(1776.929, 965.307):(27, 6)
(1745.445, 991.91):(26, 7)
(1714.728, 1018.772):(25, 8)
(1684.55, 1045.344):(24, 9)
(1654.778, 1071.911):(23, 10)
(1625.516, 1098.414):(22, 11)
(1596.568, 1125.062):(21, 12)
(1568.05, 1151.691):(20, 13)
(1539.895, 1178.435):(19, 14)
(1511.866, 1205.227):(18, 15)
(1484.125, 1232.151):(17, 16)
(1456.689, 1259.448):(16, 17)
(1429.488, 1286.935):(15, 18)
(1402.228, 1314.582):(14, 19)
(1375.136, 1342.591):(13, 20)
(1348.042, 1370.924):(12, 21)
(1320.905, 1399.507):(11, 22)
(1293.815, 1428.746):(10, 23)
(1266.723, 1458.384):(9, 24)
(1239.615, 1488.724):(8, 25)
(1212.337, 1519.262):(7, 26)
(820.674, 1515.811):(-7, 26)
(793.967, 1484.682):(-8, 25)
(767.368, 1453.975):(-9, 24)
(740.82, 1423.937):(-10, 23)
(714.34, 1394.083):(-11, 22)
(687.827, 1364.973):(-12, 21)
(661.21, 1336.128):(-13, 20)
(634.62, 1307.689):(-14, 19)
(608.002, 1279.278):(-15, 18)
(581.01, 1251.416):(-16, 17)
(553.964, 1223.61):(-17, 16)
(526.657, 1196.12):(-18, 15)
(499.164, 1168.772):(-19, 14)
(471.391, 1141.49):(-20, 13)
(443.329, 1114.254):(-21, 12)
(414.866, 1087.098):(-22, 11)
(385.909, 1059.92):(-23, 10)
(356.632, 1032.942):(-24, 9)
(326.743, 1005.573):(-25, 8)
(296.261, 978.263):(-26, 7)
(265.087, 950.784):(-27, 6)
(233.365, 923.128):(-28, 5)
(201.109, 895.292):(-29, 4)
(167.72, 867.041):(-30, 3)
(133.242, 838.647):(-31, 2)
(1199.05, 8.216):(6, -28)
(863.317, 4.539):(-6, -28)
(1225.829, 40.068):(7, -27)
(836.048, 35.743):(-7, -27)
(1252.413, 71.149):(8, -26)
(808.716, 66.293):(-8, -26)
(1278.929, 101.657):(9, -25)
(781.548, 96.245):(-9, -25)
(1305.421, 131.822):(10, -24)
(754.526, 125.602):(-10, -24)
(1331.836, 161.318):(11, -23)
(727.466, 154.585):(-11, -23)
(1358.309, 190.212):(12, -22)
(700.432, 183.172):(-12, -22)
(1384.79, 219.058):(13, -21)
(673.318, 211.279):(-13, -21)
(1411.262, 247.352):(14, -20)
(646.135, 239.175):(-14, -20)
(1438.104, 275.407):(15, -19)
(619.048, 266.675):(-15, -19)
(1464.795, 303.217):(16, -18)
(591.375, 293.903):(-16, -18)
(1491.748, 330.727):(17, -17)
(563.92, 320.885):(-17, -17)
(1518.995, 358.015):(18, -16)
(536.149, 347.63):(-18, -16)
(1546.285, 385.282):(19, -15)
(508.148, 374.571):(-19, -15)
(1574.038, 412.437):(20, -14)
(479.863, 401.033):(-20, -14)
(1601.996, 439.521):(21, -13)
(451.167, 427.503):(-21, -13)
(1630.44, 466.525):(22, -12)
(422.07, 453.99):(-22, -12)
(1659.225, 493.618):(23, -11)
(392.651, 480.27):(-23, -11)
(1688.547, 520.477):(24, -10)
(362.823, 506.886):(-24, -10)
(1718.245, 547.518):(25, -9)
(332.22, 533.337):(-25, -9)
(1748.636, 574.676):(26, -8)
(301.164, 559.796):(-26, -8)
(1779.479, 601.753):(27, -7)
(269.634, 586.423):(-27, -7)
(1811.186, 629.269):(28, -6)
(237.237, 613.33):(-28, -6)
(1843.649, 656.792):(29, -5)
(204.147, 640.379):(-29, -5)
(1877.0, 684.825):(30, -4)
(170.059, 667.597):(-30, -4)
(135.083, 695.284):(-31, -3)
(1911.17, 712.883):(31, -3)
(1946.5, 741.0):(32, -2)
(1946.378, 856.944):(32, 2)
(1910.79, 884.809):(31, 3)
(1876.329, 912.346):(30, 4)
(1842.663, 939.58):(29, 5)
(1809.83, 966.572):(28, 6)
(1777.805, 993.491):(27, 7)
(1746.677, 1020.401):(26, 8)
(1716.035, 1047.016):(25, 9)
(1685.772, 1073.605):(24, 10)
(1656.027, 1100.269):(23, 11)
(1626.797, 1126.79):(22, 12)
(1597.999, 1153.514):(21, 13)
(1569.54, 1180.202):(20, 14)
(1541.345, 1207.044):(19, 15)
(1513.303, 1234.089):(18, 16)
(1485.686, 1261.34):(17, 17)
(1458.18, 1288.759):(16, 18)
(1430.984, 1316.357):(15, 19)
(1403.596, 1344.401):(14, 20)
(1376.348, 1372.696):(13, 21)
(1349.289, 1401.336):(12, 22)
(1322.202, 1430.463):(11, 23)
(1295.071, 1459.978):(10, 24)
(1267.954, 1490.106):(9, 25)
(1240.666, 1520.748):(8, 26)
(792.29, 1516.951):(-8, 26)
(765.55, 1485.778):(-9, 25)
(739.073, 1455.232):(-10, 24)
(712.453, 1425.02):(-11, 23)
(685.904, 1395.429):(-12, 22)
(659.223, 1366.277):(-13, 21)
(632.59, 1337.443):(-14, 20)
(605.895, 1308.905):(-15, 19)
(578.96, 1280.736):(-16, 18)
(551.943, 1252.854):(-17, 17)
(524.603, 1225.058):(-18, 16)
(497.056, 1197.524):(-19, 15)
(469.341, 1170.05):(-20, 14)
(441.279, 1142.809):(-21, 13)
(412.884, 1115.496):(-22, 12)
(384.046, 1088.246):(-23, 11)
(354.727, 1061.089):(-24, 10)
(324.958, 1033.848):(-25, 9)
(294.626, 1006.562):(-26, 8)
(263.653, 979.108):(-27, 7)
(231.912, 951.594):(-28, 6)
(199.74, 923.837):(-29, 5)
(166.52, 895.785):(-30, 4)
(132.333, 867.488):(-31, 3)
(1227.317, 7.368):(7, -28)
(835.009, 3.088):(-7, -28)
(1254.025, 39.157):(8, -27)
(807.711, 34.101):(-8, -27)
(1280.562, 70.148):(9, -26)
(780.391, 64.574):(-9, -26)
(1307.116, 100.501):(10, -25)
(753.449, 94.55):(-10, -25)
(1333.637, 130.499):(11, -24)
(726.301, 123.977):(-11, -24)
(1360.09, 160.126):(12, -23)
(699.11, 152.697):(-12, -23)
(1386.715, 189.005):(13, -22)
(671.993, 181.263):(-13, -22)
(1413.222, 217.617):(14, -21)
(644.958, 209.355):(-14, -21)
(1439.992, 245.919):(15, -20)
(617.598, 237.195):(-15, -20)
(1466.749, 273.886):(16, -19)
(590.186, 264.643):(-16, -19)
(1493.688, 301.758):(17, -18)
(562.521, 291.797):(-17, -18)
(1520.943, 329.244):(18, -17)
(534.833, 318.727):(-18, -17)
(1548.287, 356.585):(19, -16)
(506.865, 345.579):(-19, -16)
(1575.98, 383.826):(20, -15)
(478.42, 372.565):(-20, -15)
(1604.174, 411.0):(21, -14)
(449.89, 399.104):(-21, -14)
(1632.252, 438.143):(22, -13)
(420.88, 425.575):(-22, -13)
(1661.02, 465.257):(23, -12)
(391.515, 451.917):(-23, -12)
(1690.263, 492.239):(24, -11)
(361.59, 478.507):(-24, -11)
(1719.87, 519.247):(25, -10)
(331.162, 504.967):(-25, -10)
(1750.133, 546.445):(26, -9)
(300.443, 531.474):(-26, -9)
(1781.104, 573.561):(27, -8)
(268.728, 558.155):(-27, -8)
(1812.54, 600.949):(28, -7)
(236.475, 584.926):(-28, -7)
(1844.857, 628.407):(29, -6)
(203.579, 611.869):(-29, -6)
(1878.0, 656.0):(30, -5)
(169.774, 638.976):(-30, -5)
(1912.141, 684.21):(31, -4)
(134.639, 666.39):(-31, -4)
(1947.236, 712.704):(32, -3)
(1946.961, 886.0):(32, 3)
(1911.776, 913.646):(31, 4)
(1877.178, 940.831):(30, 5)
(1843.633, 968.075):(29, 6)
(1811.044, 995.202):(28, 7)
(1779.098, 1021.977):(27, 8)
(1747.895, 1048.776):(26, 9)
(1717.219, 1075.426):(25, 10)
(1687.088, 1102.061):(24, 11)
(1657.421, 1128.832):(23, 12)
(1628.299, 1155.531):(22, 13)
(1599.6, 1182.297):(21, 14)
(1571.117, 1209.173):(20, 15)
(1542.941, 1236.109):(19, 16)
(1514.979, 1263.343):(18, 17)
(1487.198, 1290.742):(17, 18)
(1459.73, 1318.555):(16, 19)
(1432.448, 1346.366):(15, 20)
(1405.105, 1374.649):(14, 21)
(1377.866, 1403.349):(13, 22)
(1350.746, 1432.26):(12, 23)
(1323.567, 1461.889):(11, 24)
(1296.389, 1491.982):(10, 25)
(1269.192, 1522.56):(9, 26)
(764.0, 1514.0):(-9, 26)
(737.03, 1487.236):(-10, 25)
(710.451, 1456.436):(-11, 24)
(683.89, 1426.433):(-12, 23)
(657.164, 1396.895):(-13, 22)
(630.487, 1367.758):(-14, 21)
(603.787, 1338.853):(-15, 20)
(576.762, 1310.587):(-16, 19)
(549.788, 1282.354):(-17, 18)
(522.469, 1254.338):(-18, 17)
(494.946, 1226.629):(-19, 16)
(467.213, 1199.031):(-20, 15)
(439.157, 1171.539):(-21, 14)
(410.833, 1144.139):(-22, 13)
(382.015, 1116.93):(-23, 12)
(352.786, 1089.64):(-24, 11)
(323.056, 1062.352):(-25, 10)
(292.719, 1035.046):(-26, 9)
(261.615, 1007.711):(-27, 8)
(230.225, 980.224):(-28, 7)
(198.151, 952.449):(-29, 6)
(164.941, 924.53):(-30, 5)
(131.075, 896.31):(-31, 4)
(1255.646, 6.484):(8, -28)
(806.621, 1.323):(-8, -28)
(1282.407, 37.917):(9, -27)
(779.33, 32.315):(-9, -27)
(1309.027, 68.813):(10, -26)
(752.124, 62.737):(-10, -26)
(1335.627, 99.373):(11, -25)
(725.042, 92.612):(-11, -25)
(1362.068, 129.151):(12, -24)
(697.832, 121.882):(-12, -24)
(1388.693, 158.516):(13, -23)
(670.638, 150.708):(-13, -23)
(1415.246, 187.443):(14, -22)
(643.391, 179.189):(-14, -22)
(1442.045, 216.1):(15, -21)
(616.137, 207.3):(-15, -21)
(1468.784, 244.383):(16, -20)
(588.691, 234.999):(-16, -20)
(1495.7, 272.463):(17, -19)
(561.009, 262.355):(-17, -19)
(1522.947, 300.27):(18, -18)
(533.26, 289.597):(-18, -18)
(1550.337, 327.494):(19, -17)
(505.204, 316.541):(-19, -17)
(1578.079, 355.023):(20, -16)
(477.012, 343.428):(-20, -16)
(1605.942, 382.392):(21, -15)
(448.368, 370.255):(-21, -15)
(1634.09, 409.48):(22, -14)
(419.4, 396.943):(-22, -14)
(1662.938, 436.694):(23, -13)
(389.943, 423.499):(-23, -13)
(1692.032, 463.829):(24, -12)
(360.224, 449.995):(-24, -12)
(1721.789, 490.839):(25, -11)
(329.868, 476.483):(-25, -11)
(1751.98, 517.914):(26, -10)
(299.119, 503.099):(-26, -10)
(1782.644, 545.186):(27, -9)
(267.462, 529.635):(-27, -9)
(1814.12, 572.499):(28, -8)
(235.453, 556.411):(-28, -8)
(1846.282, 599.909):(29, -7)
(202.751, 583.266):(-29, -7)
(1879.437, 627.567):(30, -6)
(168.887, 610.313):(-30, -6)
(1913.01, 655.462):(31, -5)
(134.332, 637.471):(-31, -5)
(1948.171, 683.685):(32, -4)
(1947.635, 914.781):(32, 4)
(1912.352, 942.416):(31, 5)
(1878.263, 969.748):(30, 6)
(1844.83, 996.912):(29, 7)
(1812.401, 1023.869):(28, 8)
(1780.485, 1050.624):(27, 9)
(1749.204, 1077.372):(26, 10)
(1718.816, 1104.168):(25, 11)
(1688.754, 1130.921):(24, 12)
(1659.305, 1157.795):(23, 13)
(1630.053, 1184.474):(22, 14)
(1601.236, 1211.223):(21, 15)
(1572.79, 1238.402):(20, 16)
(1544.611, 1265.573):(19, 17)
(1516.82, 1292.95):(18, 18)
(1489.008, 1320.607):(17, 19)
(1461.45, 1348.567):(16, 20)
(1434.072, 1376.783):(15, 21)
(1406.686, 1405.514):(14, 22)
(1379.581, 1434.505):(13, 23)
(1352.398, 1463.799):(12, 24)
(1325.081, 1493.951):(11, 25)
(1297.811, 1524.454):(10, 26)
(735.035, 1519.54):(-10, 26)
(708.363, 1488.616):(-11, 25)
(681.689, 1457.894):(-12, 24)
(654.97, 1427.933):(-13, 23)
(628.056, 1398.482):(-14, 22)
(601.433, 1369.28):(-15, 21)
(574.438, 1340.519):(-16, 20)
(547.434, 1312.17):(-17, 19)
(520.116, 1284.015):(-18, 18)
(492.551, 1256.059):(-19, 17)
(464.961, 1228.22):(-20, 16)
(436.899, 1200.667):(-21, 15)
(408.619, 1173.076):(-22, 14)
(379.856, 1145.741):(-23, 13)
(350.575, 1118.317):(-24, 12)
(320.605, 1091.284):(-25, 11)
(290.789, 1063.863):(-26, 10)
(259.946, 1036.379):(-27, 9)
(228.413, 1008.894):(-28, 8)
(196.383, 981.151):(-29, 7)
(163.264, 953.396):(-30, 6)
(129.596, 925.29):(-31, 5)
(1284.301, 5.057):(9, -28)
(778.317, 0.41):(-9, -28)
(1310.954, 36.563):(10, -27)
(750.833, 30.274):(-10, -27)
(1337.573, 67.36):(11, -26)
(723.495, 60.534):(-11, -26)
(1364.229, 97.722):(12, -25)
(696.263, 90.539):(-12, -25)
(1390.867, 127.582):(13, -24)
(669.197, 119.767):(-13, -24)
(1417.424, 156.89):(14, -23)
(641.886, 148.492):(-14, -23)
(1444.102, 185.844):(15, -22)
(614.562, 176.875):(-15, -22)
(1470.875, 214.486):(16, -21)
(587.067, 204.966):(-16, -21)
(1497.965, 242.818):(17, -20)
(559.5, 232.644):(-17, -20)
(1525.016, 270.839):(18, -19)
(531.67, 260.173):(-18, -19)
(1552.453, 298.481):(19, -18)
(503.608, 287.317):(-19, -18)
(1580.217, 326.113):(20, -17)
(475.317, 314.282):(-20, -17)
(1608.049, 353.409):(21, -16)
(446.824, 341.222):(-21, -16)
(1636.309, 380.746):(22, -15)
(417.894, 367.999):(-22, -15)
(1665.011, 407.896):(23, -14)
(388.53, 394.633):(-23, -14)
(1694.11, 435.098):(24, -13)
(358.833, 421.116):(-24, -13)
(1723.647, 462.252):(25, -12)
(328.46, 447.794):(-25, -12)
(1753.831, 489.453):(26, -11)
(297.713, 474.28):(-26, -11)
(1784.499, 516.594):(27, -10)
(266.233, 500.976):(-27, -10)
(1815.731, 543.93):(28, -9)
(234.256, 527.672):(-28, -9)
(1848.0, 571.244):(29, -8)
(201.628, 554.444):(-29, -8)
(1880.728, 598.83):(30, -7)
(168.075, 581.453):(-30, -7)
(1914.501, 626.623):(31, -6)
(133.516, 608.592):(-31, -6)
(1949.256, 654.847):(32, -5)
(1948.663, 943.901):(32, 5)
(1913.586, 971.411):(31, 6)
(1879.48, 998.587):(30, 7)
(1846.26, 1025.74):(29, 8)
(1813.734, 1052.644):(28, 9)
(1782.167, 1079.611):(27, 10)
(1751.05, 1106.301):(26, 11)
(1720.481, 1133.14):(25, 12)
(1690.586, 1159.822):(24, 13)
(1661.039, 1186.714):(23, 14)
(1631.896, 1213.567):(22, 15)
(1603.123, 1240.678):(21, 16)
(1574.656, 1267.974):(20, 17)
(1546.536, 1295.342):(19, 18)
(1518.571, 1322.955):(18, 19)
(1490.848, 1350.992):(17, 20)
(1463.304, 1379.089):(16, 21)
(1435.857, 1407.711):(15, 22)
(1408.656, 1436.737):(14, 23)
(1381.354, 1466.222):(13, 24)
(1353.976, 1496.049):(12, 25)
(1326.729, 1526.377):(11, 26)
(706.008, 1521.264):(-11, 26)
(679.0, 1490.761):(-12, 25)
(652.611, 1459.723):(-13, 24)
(625.861, 1429.755):(-14, 23)
(598.991, 1400.249):(-15, 22)
(571.976, 1371.19):(-16, 21)
(544.93, 1342.438):(-17, 20)
(517.731, 1313.983):(-18, 19)
(490.121, 1285.76):(-19, 18)
(462.452, 1257.859):(-20, 17)
(434.436, 1230.072):(-21, 16)
(406.099, 1202.379):(-22, 15)
(377.525, 1174.888):(-23, 14)
(348.104, 1147.448):(-24, 13)
(318.583, 1120.018):(-25, 12)
(288.48, 1092.681):(-26, 11)
(257.893, 1065.23):(-27, 10)
(226.15, 1037.748):(-28, 9)
(194.385, 1010.082):(-29, 8)
(161.459, 982.346):(-30, 7)
(127.818, 954.372):(-31, 6)
(1313.096, 3.271):(10, -28)
(1339.805, 34.921):(11, -27)
(722.018, 28.153):(-11, -27)
(1366.401, 65.763):(12, -26)
(694.729, 58.245):(-12, -26)
(1393.069, 96.021):(13, -25)
(667.483, 88.112):(-13, -25)
(1419.79, 125.775):(14, -24)
(640.181, 117.372):(-14, -24)
(1446.461, 155.063):(15, -23)
(612.89, 146.163):(-15, -23)
(1473.337, 183.999):(16, -22)
(585.328, 174.392):(-16, -22)
(1500.137, 212.686):(17, -21)
(557.697, 202.451):(-17, -21)
(1527.314, 240.964):(18, -20)
(529.869, 230.169):(-18, -20)
(1554.88, 268.918):(19, -19)
(501.873, 257.552):(-19, -19)
(1582.51, 296.664):(20, -18)
(473.552, 284.875):(-20, -18)
(1610.401, 324.206):(21, -17)
(444.971, 311.904):(-21, -17)
(1638.659, 351.502):(22, -16)
(416.085, 338.689):(-22, -16)
(1667.195, 379.005):(23, -15)
(386.933, 365.512):(-23, -15)
(1696.323, 406.173):(24, -14)
(357.123, 392.23):(-24, -14)
(1725.849, 433.396):(25, -13)
(326.973, 418.855):(-25, -13)
(1755.88, 460.569):(26, -12)
(296.365, 445.446):(-26, -12)
(1786.464, 487.817):(27, -11)
(264.883, 472.123):(-27, -11)
(1817.679, 515.007):(28, -10)
(232.98, 498.814):(-28, -10)
(1849.743, 542.456):(29, -9)
(200.384, 525.569):(-29, -9)
(1882.549, 569.84):(30, -8)
(166.728, 552.321):(-30, -8)
(1916.114, 597.616):(31, -7)
(132.359, 579.511):(-31, -7)
(1950.839, 625.592):(32, -6)
(1950.0, 973.0):(32, 6)
(1914.832, 1000.555):(31, 7)
(1881.047, 1027.6):(30, 8)
(1847.885, 1054.725):(29, 9)
(1815.485, 1081.631):(28, 10)
(1783.954, 1108.526):(27, 11)
(1752.89, 1135.402):(26, 12)
(1722.514, 1162.27):(25, 13)
(1692.535, 1189.129):(24, 14)
(1663.012, 1216.078):(23, 15)
(1633.945, 1243.057):(22, 16)
(1605.091, 1270.252):(21, 17)
(1576.662, 1297.8):(20, 18)
(1548.497, 1325.338):(19, 19)
(1520.536, 1353.244):(18, 20)
(1492.915, 1381.528):(17, 21)
(1465.185, 1410.141):(16, 22)
(1437.868, 1439.09):(15, 23)
(1410.466, 1468.514):(14, 24)
(1383.099, 1498.35):(13, 25)
(1355.753, 1528.717):(12, 26)
(676.873, 1522.896):(-12, 26)
(650.002, 1492.097):(-13, 25)
(623.206, 1461.486):(-14, 24)
(596.404, 1431.65):(-15, 23)
(569.423, 1402.205):(-16, 22)
(542.167, 1373.159):(-17, 21)
(515.038, 1344.303):(-18, 20)
(487.493, 1315.985):(-19, 19)
(459.721, 1287.809):(-20, 18)
(431.806, 1259.855):(-21, 17)
(403.464, 1231.979):(-22, 16)
(374.9, 1204.214):(-23, 15)
(345.668, 1176.798):(-24, 14)
(316.031, 1149.208):(-25, 13)
(285.942, 1121.865):(-26, 12)
(255.158, 1094.423):(-27, 11)
(223.872, 1066.791):(-28, 10)
(192.114, 1039.283):(-29, 9)
(159.325, 1011.492):(-30, 8)
(125.725, 983.603):(-31, 7)
(1342.132, 1.816):(11, -28)
(1368.755, 33.278):(12, -27)
(692.933, 25.698):(-12, -27)
(1395.492, 63.975):(13, -26)
(665.672, 55.944):(-13, -26)
(1422.175, 94.109):(14, -25)
(638.38, 85.585):(-14, -25)
(1449.0, 124.0):(15, -24)
(610.817, 114.703):(-15, -24)
(1475.787, 153.181):(16, -23)
(583.339, 143.364):(-16, -23)
(1502.786, 182.189):(17, -22)
(555.73, 171.789):(-17, -22)
(1529.954, 210.568):(18, -21)
(527.921, 199.707):(-18, -21)
(1557.376, 238.907):(19, -20)
(499.852, 227.442):(-19, -20)
(1584.994, 266.873):(20, -19)
(471.645, 254.942):(-20, -19)
(1612.828, 294.681):(21, -18)
(442.996, 282.164):(-21, -18)
(1641.087, 322.239):(22, -17)
(414.21, 309.211):(-22, -17)
(1669.744, 349.663):(23, -16)
(384.911, 336.015):(-23, -16)
(1698.761, 377.064):(24, -15)
(355.298, 362.906):(-24, -15)
(1728.152, 404.349):(25, -14)
(325.148, 389.709):(-25, -14)
(1758.156, 431.524):(26, -13)
(294.54, 416.256):(-26, -13)
(1788.766, 458.786):(27, -12)
(263.179, 442.913):(-27, -12)
(1819.927, 486.07):(28, -11)
(231.0, 470.0):(-28, -11)
(1851.799, 513.451):(29, -10)
(198.845, 496.413):(-29, -10)
(1884.314, 540.943):(30, -9)
(165.348, 523.281):(-30, -9)
(1917.928, 568.535):(31, -8)
(131.143, 550.228):(-31, -8)
(1952.487, 596.394):(32, -7)
(1951.659, 1002.585):(32, 7)
(1916.612, 1029.881):(31, 8)
(1882.801, 1057.016):(30, 9)
(1849.728, 1084.044):(29, 10)
(1817.545, 1111.0):(28, 11)
(1785.833, 1137.84):(27, 12)
(1754.945, 1164.731):(26, 13)
(1724.53, 1191.713):(25, 14)
(1694.634, 1218.643):(24, 15)
(1665.233, 1245.75):(23, 16)
(1636.047, 1273.001):(22, 17)
(1607.239, 1300.444):(21, 18)
(1578.973, 1328.089):(20, 19)
(1550.759, 1356.272):(19, 20)
(1522.8, 1384.119):(18, 21)
(1495.061, 1412.842):(17, 22)
(1467.418, 1441.619):(16, 23)
(1439.995, 1471.218):(15, 24)
(1412.621, 1500.88):(14, 25)
(1385.208, 1531.432):(13, 26)
(647.411, 1524.863):(-13, 26)
(620.485, 1494.052):(-14, 25)
(593.624, 1463.744):(-15, 24)
(566.626, 1433.732):(-16, 23)
(539.285, 1404.504):(-17, 22)
(512.148, 1375.219):(-18, 21)
(484.56, 1346.699):(-19, 20)
(456.969, 1318.066):(-20, 19)
(428.938, 1289.85):(-21, 18)
(400.721, 1261.883):(-22, 17)
(371.904, 1234.18):(-23, 16)
(342.915, 1206.289):(-24, 15)
(313.296, 1178.736):(-25, 14)
(283.348, 1151.215):(-26, 13)
(252.704, 1123.692):(-27, 12)
(221.349, 1096.173):(-28, 11)
(189.635, 1068.473):(-29, 10)
(157.154, 1040.801):(-30, 9)
(123.571, 1012.857):(-31, 8)
(1371.079, 0.427):(12, -28)
(1397.988, 31.215):(13, -27)
(663.786, 23.251):(-13, -27)
(1424.88, 61.91):(14, -26)
(636.369, 53.244):(-14, -26)
(1451.514, 92.062):(15, -25)
(608.809, 82.834):(-15, -25)
(1478.3, 121.793):(16, -24)
(581.292, 111.911):(-16, -24)
(1505.456, 151.003):(17, -23)
(553.658, 140.592):(-17, -23)
(1532.634, 179.91):(18, -22)
(525.807, 168.983):(-18, -22)
(1560.064, 208.412):(19, -21)
(497.815, 196.932):(-19, -21)
(1587.67, 236.724):(20, -20)
(469.472, 224.651):(-20, -20)
(1615.561, 264.638):(21, -19)
(441.055, 252.217):(-21, -19)
(1643.753, 292.48):(22, -18)
(412.122, 279.337):(-22, -18)
(1672.374, 320.07):(23, -17)
(382.904, 306.339):(-23, -17)
(1701.294, 347.483):(24, -16)
(353.149, 333.309):(-24, -16)
(1730.693, 374.964):(25, -15)
(323.063, 360.096):(-25, -15)
(1760.591, 402.331):(26, -14)
(292.685, 386.836):(-26, -14)
(1791.251, 429.586):(27, -13)
(261.105, 413.559):(-27, -13)
(1822.223, 456.893):(28, -12)
(229.546, 440.28):(-28, -12)
(1854.057, 484.172):(29, -11)
(197.026, 467.121):(-29, -11)
(1886.458, 511.724):(30, -10)
(163.81, 493.974):(-30, -10)
(1920.0, 539.0):(31, -9)
(129.528, 520.784):(-31, -9)
(1954.508, 567.0):(32, -8)
(1953.275, 1032.235):(32, 8)
(1918.599, 1059.396):(31, 9)
(1884.852, 1086.542):(30, 10)
(1851.928, 1113.556):(29, 11)
(1819.783, 1140.543):(28, 12)
(1788.091, 1167.486):(27, 13)
(1757.156, 1194.361):(26, 14)
(1726.826, 1221.429):(25, 15)
(1697.105, 1248.638):(24, 16)
(1667.563, 1275.945):(23, 17)
(1638.417, 1303.228):(22, 18)
(1609.772, 1331.058):(21, 19)
(1581.245, 1358.886):(20, 20)
(1553.288, 1387.417):(19, 21)
(1525.307, 1415.813):(18, 22)
(1497.358, 1444.439):(17, 23)
(1469.787, 1473.83):(16, 24)
(1442.296, 1503.91):(15, 25)
(1414.805, 1533.804):(14, 26)
(617.654, 1527.243):(-14, 26)
(590.638, 1496.5):(-15, 25)
(563.624, 1465.869):(-16, 24)
(536.478, 1436.029):(-17, 23)
(509.144, 1406.742):(-18, 22)
(481.663, 1377.701):(-19, 21)
(453.934, 1348.887):(-20, 20)
(425.973, 1320.526):(-21, 19)
(397.635, 1292.162):(-22, 18)
(369.082, 1264.143):(-23, 17)
(339.883, 1236.467):(-24, 16)
(310.215, 1208.558):(-25, 15)
(280.402, 1180.946):(-26, 14)
(249.894, 1153.33):(-27, 13)
(218.803, 1125.777):(-28, 12)
(187.011, 1098.07):(-29, 11)
(154.397, 1070.408):(-30, 10)
(120.93, 1042.587):(-31, 9)
(1400.0, 0.0):(13, -28)
(1427.52, 29.03):(14, -27)
(634.214, 20.285):(-14, -27)
(1454.279, 59.753):(15, -26)
(606.612, 50.289):(-15, -26)
(1481.283, 89.737):(16, -25)
(579.056, 79.883):(-16, -25)
(1508.343, 119.309):(17, -24)
(551.343, 109.021):(-17, -24)
(1535.531, 148.693):(18, -23)
(523.586, 137.692):(-18, -23)
(1562.939, 177.49):(19, -22)
(495.35, 165.956):(-19, -22)
(1590.545, 206.015):(20, -21)
(467.067, 194.023):(-20, -21)
(1618.428, 234.308):(21, -20)
(438.633, 221.572):(-21, -20)
(1646.659, 262.263):(22, -19)
(409.889, 249.109):(-22, -19)
(1675.173, 290.121):(23, -18)
(380.59, 276.279):(-23, -18)
(1704.215, 317.75):(24, -17)
(351.038, 303.329):(-24, -17)
(1733.541, 345.24):(25, -16)
(320.818, 330.184):(-25, -16)
(1763.389, 372.62):(26, -15)
(290.439, 357.222):(-26, -15)
(1793.835, 399.987):(27, -14)
(259.17, 383.869):(-27, -14)
(1824.799, 427.416):(28, -13)
(227.574, 410.697):(-28, -13)
(1856.553, 454.807):(29, -12)
(195.092, 437.364):(-29, -12)
(1888.896, 482.304):(30, -11)
(161.911, 464.271):(-30, -11)
(1922.262, 509.806):(31, -10)
(128.044, 491.225):(-31, -10)
(1956.666, 537.512):(32, -9)
(1955.0, 1062.0):(32, 9)
(1920.652, 1089.179):(31, 10)
(1886.835, 1116.229):(30, 11)
(1854.141, 1143.319):(29, 12)
(1822.025, 1170.3):(28, 13)
(1790.59, 1197.371):(27, 14)
(1759.725, 1224.497):(26, 15)
(1729.369, 1251.638):(25, 16)
(1699.674, 1278.913):(24, 17)
(1670.135, 1306.486):(23, 18)
(1641.197, 1334.131):(22, 19)
(1612.288, 1361.901):(21, 20)
(1583.946, 1390.116):(20, 21)
(1555.767, 1418.681):(19, 22)
(1527.84, 1447.417):(18, 23)
(1499.957, 1477.112):(17, 24)
(1472.319, 1506.579):(16, 25)
(587.596, 1529.562):(-15, 26)
(560.493, 1498.777):(-16, 25)
(533.314, 1468.174):(-17, 24)
(506.036, 1438.643):(-18, 23)
(478.479, 1409.173):(-19, 22)
(450.743, 1380.054):(-20, 21)
(422.942, 1351.337):(-21, 20)
(394.356, 1323.028):(-22, 19)
(365.844, 1294.692):(-23, 18)
(336.758, 1266.712):(-24, 17)
(307.265, 1238.798):(-25, 16)
(277.374, 1211.018):(-26, 15)
(246.528, 1183.349):(-27, 14)
(215.846, 1155.562):(-28, 13)
(184.068, 1127.911):(-29, 12)
(151.498, 1100.216):(-30, 11)
(118.163, 1072.421):(-31, 10)
(1457.316, 26.587):(15, -27)
(604.306, 17.149):(-15, -27)
(1484.278, 57.293):(16, -26)
(576.734, 47.349):(-16, -26)
(1511.442, 87.26):(17, -25)
(548.985, 76.8):(-17, -25)
(1538.58, 116.773):(18, -24)
(521.105, 105.849):(-18, -24)
(1566.048, 146.092):(19, -23)
(493.052, 134.478):(-19, -23)
(1593.663, 174.945):(20, -22)
(464.736, 162.691):(-20, -22)
(1621.475, 203.502):(21, -21)
(436.108, 190.692):(-21, -21)
(1649.681, 231.771):(22, -20)
(407.295, 218.342):(-22, -20)
(1678.184, 259.811):(23, -19)
(378.093, 245.848):(-23, -19)
(1707.082, 287.58):(24, -18)
(348.557, 273.058):(-24, -18)
(1736.45, 315.207):(25, -17)
(318.38, 300.101):(-25, -17)
(1766.241, 342.774):(26, -16)
(287.915, 327.022):(-26, -16)
(1796.815, 370.125):(27, -15)
(256.801, 353.957):(-27, -15)
(1827.751, 397.505):(28, -14)
(225.254, 380.813):(-28, -14)
(1859.374, 425.093):(29, -13)
(192.999, 407.542):(-29, -13)
(1891.764, 452.65):(30, -12)
(159.871, 434.407):(-30, -12)
(1925.04, 480.051):(31, -11)
(125.967, 461.42):(-31, -11)
(1958.913, 507.781):(32, -10)
(1957.625, 1092.0):(32, 10)
(1923.124, 1119.196):(31, 11)
(1889.258, 1146.252):(30, 12)
(1856.736, 1173.405):(29, 13)
(1824.599, 1200.463):(28, 14)
(1793.159, 1227.592):(27, 15)
(1762.587, 1255.0):(26, 16)
(1732.149, 1282.161):(25, 17)
(1702.306, 1309.726):(24, 18)
(1673.047, 1337.451):(23, 19)
(1643.894, 1365.28):(22, 20)
(1615.19, 1393.509):(21, 21)
(1586.66, 1421.986):(20, 22)
(1558.567, 1450.724):(19, 23)
(1530.69, 1480.246):(18, 24)
(1502.711, 1509.833):(17, 25)
(557.118, 1532.209):(-16, 26)
(529.861, 1501.473):(-17, 25)
(502.557, 1471.139):(-18, 24)
(475.055, 1441.347):(-19, 23)
(447.267, 1412.033):(-20, 22)
(419.257, 1382.88):(-21, 21)
(391.001, 1354.122):(-22, 20)
(362.398, 1325.566):(-23, 19)
(333.32, 1297.359):(-24, 18)
(303.999, 1269.317):(-25, 17)
(274.028, 1241.388):(-26, 16)
(243.312, 1213.538):(-27, 15)
(212.655, 1186.0):(-28, 14)
(180.929, 1158.024):(-29, 13)
(148.252, 1130.27):(-30, 12)
(115.088, 1102.418):(-31, 11)
(1487.623, 24.005):(16, -27)
(574.062, 13.873):(-16, -27)
(1514.674, 54.421):(17, -26)
(546.23, 43.789):(-17, -26)
(1541.807, 84.619):(18, -25)
(518.416, 73.341):(-18, -25)
(1569.402, 114.14):(19, -24)
(490.335, 102.402):(-19, -24)
(1596.946, 143.33):(20, -23)
(461.993, 131.017):(-20, -23)
(1624.812, 172.219):(21, -22)
(433.0, 159.0):(-21, -22)
(1652.899, 200.717):(22, -21)
(404.663, 187.3):(-22, -21)
(375.486, 214.953):(-23, -20)
(1710.336, 256.987):(24, -19)
(345.828, 242.351):(-24, -19)
(1739.703, 284.867):(25, -18)
(315.825, 269.605):(-25, -18)
(1769.507, 312.626):(26, -17)
(285.266, 296.8):(-26, -17)
(1799.761, 340.16):(27, -16)
(254.171, 323.662):(-27, -16)
(1830.847, 367.541):(28, -15)
(222.87, 350.646):(-28, -15)
(1862.404, 395.008):(29, -14)
(190.498, 377.51):(-29, -14)
(1894.41, 422.574):(30, -13)
(157.484, 404.494):(-30, -13)
(1927.751, 450.183):(31, -12)
(123.591, 431.279):(-31, -12)
(1961.561, 477.862):(32, -11)
(1960.173, 1122.312):(32, 11)
(1925.959, 1149.641):(31, 12)
(1892.24, 1176.624):(30, 13)
(1859.623, 1203.881):(29, 14)
(1827.495, 1230.973):(28, 15)
(1796.114, 1258.185):(27, 16)
(1765.411, 1285.61):(26, 17)
(1735.173, 1313.096):(25, 18)
(1705.457, 1340.997):(24, 19)
(1675.977, 1368.751):(23, 20)
(1646.953, 1396.856):(22, 21)
(1618.325, 1425.672):(21, 22)
(1589.669, 1454.259):(20, 23)
(1561.592, 1483.767):(19, 24)
(1533.488, 1513.229):(18, 25)
(526.402, 1534.405):(-17, 26)
(498.859, 1504.447):(-18, 25)
(471.386, 1474.089):(-19, 24)
(443.651, 1444.14):(-20, 23)
(415.586, 1414.969):(-21, 22)
(387.355, 1385.823):(-22, 21)
(358.646, 1357.161):(-23, 20)
(329.672, 1328.593):(-24, 19)
(300.39, 1300.173):(-25, 18)
(270.286, 1272.151):(-26, 17)
(239.893, 1244.229):(-27, 16)
(209.075, 1216.3):(-28, 15)
(177.363, 1188.469):(-29, 14)
(145.05, 1160.606):(-30, 13)
(111.829, 1132.837):(-31, 12)
(1518.13, 21.077):(17, -27)
(543.414, 10.273):(-17, -27)
(1545.393, 51.616):(18, -26)
(515.595, 40.338):(-18, -26)
(1572.797, 81.696):(19, -25)
(487.47, 69.716):(-19, -25)
(1600.427, 111.3):(20, -24)
(459.103, 98.647):(-20, -24)
(1628.298, 140.382):(21, -23)
(430.583, 127.327):(-21, -23)
(1656.45, 169.208):(22, -22)
(401.745, 155.538):(-22, -22)
(1685.077, 197.696):(23, -21)
(372.569, 183.498):(-23, -21)
(342.938, 211.309):(-24, -20)
(1713.92, 225.998):(24, -20)
(1743.152, 253.922):(25, -19)
(313.0, 238.727):(-25, -19)
(1772.962, 281.903):(26, -18)
(282.451, 266.01):(-26, -18)
(1803.084, 309.745):(27, -17)
(251.421, 293.043):(-27, -17)
(1833.931, 337.323):(28, -16)
(220.024, 320.096):(-28, -16)
(1865.672, 364.753):(29, -15)
(187.777, 347.044):(-29, -15)
(1897.751, 392.375):(30, -14)
(154.881, 374.061):(-30, -14)
(1930.924, 419.809):(31, -13)
(120.917, 400.881):(-31, -13)
(1964.757, 447.643):(32, -12)
(1963.055, 1152.929):(32, 12)
(1928.965, 1180.136):(31, 13)
(1895.249, 1207.314):(30, 14)
(1862.655, 1234.511):(29, 15)
(1830.663, 1261.846):(28, 16)
(1799.341, 1289.18):(27, 17)
(1768.589, 1316.739):(26, 18)
(1738.36, 1344.486):(25, 19)
(1708.744, 1372.495):(24, 20)
(1679.173, 1400.615):(23, 21)
(1650.185, 1429.167):(22, 22)
(1621.487, 1458.094):(21, 23)
(1593.0, 1487.237):(20, 24)
(1564.776, 1516.793):(19, 25)
(467.468, 1507.506):(-19, 25)
(439.712, 1477.324):(-20, 24)
(411.733, 1447.375):(-21, 23)
(383.481, 1418.035):(-22, 22)
(354.856, 1388.951):(-23, 21)
(325.724, 1360.21):(-24, 20)
(296.402, 1331.724):(-25, 19)
(266.432, 1303.393):(-26, 18)
(236.014, 1275.223):(-27, 17)
(205.237, 1247.144):(-28, 16)
(173.627, 1219.259):(-29, 15)
(141.243, 1191.396):(-30, 14)
(108.053, 1163.519):(-31, 13)
(1549.128, 17.929):(18, -27)
(512.401, 6.367):(-18, -27)
(1576.53, 48.423):(19, -26)
(484.305, 36.372):(-19, -26)
(1604.143, 78.43):(20, -25)
(455.861, 65.424):(-20, -25)
(1632.092, 107.971):(21, -24)
(427.339, 94.761):(-21, -24)
(1660.343, 136.991):(22, -23)
(398.516, 123.31):(-22, -23)
(1688.709, 165.971):(23, -22)
(369.406, 151.647):(-23, -22)
(1717.562, 194.545):(24, -21)
(339.808, 179.563):(-24, -21)
(309.642, 207.22):(-25, -20)
(1746.866, 222.76):(25, -20)
(1776.532, 250.898):(26, -19)
(279.289, 234.743):(-26, -19)
(1806.78, 278.843):(27, -18)
(248.438, 262.125):(-27, -18)
(1837.585, 306.583):(28, -17)
(216.983, 289.174):(-28, -17)
(1869.17, 334.248):(29, -16)
(184.782, 316.216):(-29, -16)
(1901.419, 361.729):(30, -15)
(151.983, 343.205):(-30, -15)
(1934.445, 389.211):(31, -14)
(118.061, 370.253):(-31, -14)
(1967.973, 417.066):(32, -13)
(1966.222, 1183.852):(32, 13)
(1932.374, 1211.312):(31, 14)
(1898.704, 1238.403):(30, 15)
(1866.129, 1265.774):(29, 16)
(1834.198, 1293.203):(28, 17)
(1802.823, 1320.669):(27, 18)
(1772.116, 1348.529):(26, 19)
(1741.879, 1376.451):(25, 20)
(1711.973, 1404.581):(24, 21)
(1682.756, 1433.214):(23, 22)
(1653.617, 1462.018):(22, 23)
(1625.003, 1491.232):(21, 24)
(1596.591, 1521.002):(20, 25)
(435.508, 1510.943):(-20, 25)
(407.526, 1480.665):(-21, 24)
(379.231, 1450.87):(-22, 23)
(350.566, 1421.515):(-23, 22)
(321.398, 1392.589):(-24, 21)
(292.113, 1363.726):(-25, 20)
(262.055, 1335.218):(-26, 19)
(231.874, 1306.769):(-27, 18)
(201.065, 1278.56):(-28, 17)
(169.497, 1250.482):(-29, 16)
(137.112, 1222.617):(-30, 15)
(104.112, 1194.603):(-31, 14)
(1580.56, 14.491):(19, -27)
(480.948, 2.326):(-19, -27)
(1608.169, 44.989):(20, -26)
(452.573, 32.108):(-20, -26)
(1636.069, 74.979):(21, -25)
(424.058, 61.571):(-21, -25)
(1664.294, 104.483):(22, -24)
(395.21, 90.648):(-22, -24)
(1692.704, 133.706):(23, -23)
(366.096, 119.288):(-23, -23)
(1721.534, 162.5):(24, -22)
(336.382, 147.433):(-24, -22)
(1751.0, 190.804):(25, -21)
(306.589, 175.437):(-25, -21)
(275.945, 203.017):(-26, -20)
(1780.514, 219.365):(26, -20)
(1810.761, 247.411):(27, -19)
(245.163, 230.605):(-27, -19)
(1841.594, 275.376):(28, -18)
(213.663, 258.005):(-28, -18)
(1873.106, 303.202):(29, -17)
(181.57, 285.076):(-29, -17)
(1905.165, 330.89):(30, -16)
(148.72, 312.236):(-30, -16)
(1937.996, 358.493):(31, -15)
(115.063, 339.167):(-31, -15)
(1971.602, 386.069):(32, -14)
(1969.714, 1215.147):(32, 14)
(1935.806, 1242.546):(31, 15)
(1902.149, 1269.907):(30, 16)
(1869.828, 1297.419):(29, 17)
(1837.949, 1324.951):(28, 18)
(1806.69, 1352.65):(27, 19)
(1775.995, 1380.659):(26, 20)
(1745.59, 1408.957):(25, 21)
(1715.867, 1437.382):(24, 22)
(1686.553, 1466.194):(23, 23)
(1657.575, 1495.579):(22, 24)
(1628.731, 1525.229):(21, 25)
(403.003, 1514.751):(-21, 25)
(374.725, 1484.546):(-22, 24)
(346.099, 1454.506):(-23, 23)
(317.105, 1425.122):(-24, 22)
(287.703, 1396.228):(-25, 21)
(257.769, 1367.441):(-26, 20)
(227.472, 1338.995):(-27, 19)
(196.753, 1310.37):(-28, 18)
(165.126, 1282.191):(-29, 17)
(133.068, 1253.955):(-30, 16)
(100.023, 1225.902):(-31, 15)
(1612.561, 10.748):(20, -27)
(450.0, 0.0):(-20, -27)
(1640.276, 41.282):(21, -26)
(420.26, 27.669):(-21, -26)
(1668.531, 71.253):(22, -25)
(391.365, 56.921):(-22, -25)
(1697.195, 100.659):(23, -24)
(362.18, 86.072):(-23, -24)
(1725.992, 129.889):(24, -23)
(332.777, 114.635):(-24, -23)
(1755.242, 158.612):(25, -22)
(302.858, 142.995):(-25, -22)
(1784.792, 187.277):(26, -21)
(272.229, 170.788):(-26, -21)
(241.51, 198.577):(-27, -20)
(1814.895, 215.676):(27, -20)
(1845.777, 243.691):(28, -19)
(210.055, 226.215):(-28, -19)
(1877.191, 271.696):(29, -18)
(177.978, 253.455):(-29, -18)
(1909.062, 299.589):(30, -17)
(145.201, 280.686):(-30, -17)
(1941.934, 327.279):(31, -16)
(111.591, 307.847):(-31, -16)
(1975.568, 354.914):(32, -15)
(1973.604, 1247.0):(32, 15)
(1939.742, 1274.418):(31, 16)
(1906.26, 1301.854):(30, 17)
(1873.713, 1329.441):(29, 18)
(1842.093, 1357.293):(28, 19)
(1810.671, 1385.158):(27, 20)
(1780.014, 1413.529):(26, 21)
(1749.781, 1441.926):(25, 22)
(1720.121, 1470.965):(24, 23)
(1690.66, 1500.042):(23, 24)
(1661.66, 1529.815):(22, 25)
(370.008, 1518.624):(-22, 25)
(341.157, 1488.591):(-23, 24)
(312.249, 1458.758):(-24, 23)
(282.832, 1429.304):(-25, 22)
(253.134, 1400.248):(-26, 21)
(222.864, 1371.285):(-27, 20)
(191.873, 1342.835):(-28, 19)
(160.0, 1314.42):(-29, 18)
(128.082, 1286.065):(-30, 17)
(95.318, 1258.0):(-31, 16)
(1644.986, 6.597):(21, -27)
(1673.082, 37.346):(22, -26)
(387.429, 22.897):(-22, -26)
(1701.522, 67.212):(23, -25)
(358.191, 52.313):(-23, -25)
(1730.334, 96.728):(24, -24)
(328.688, 81.187):(-24, -24)
(1759.589, 125.918):(25, -23)
(298.701, 109.85):(-25, -23)
(1789.147, 154.739):(26, -22)
(268.357, 138.046):(-26, -22)
(1819.466, 183.173):(27, -21)
(237.561, 166.1):(-27, -21)
(206.025, 193.741):(-28, -20)
(1850.236, 211.58):(28, -20)
(1881.731, 239.738):(29, -19)
(174.027, 221.386):(-29, -19)
(1913.634, 267.753):(30, -18)
(141.333, 248.728):(-30, -18)
(1946.499, 295.602):(31, -17)
(107.696, 275.979):(-31, -17)
(1980.0, 323.633):(32, -16)
(1977.96, 1279.065):(32, 16)
(1944.09, 1306.716):(31, 17)
(1910.945, 1334.356):(30, 18)
(1878.397, 1362.182):(29, 19)
(1846.526, 1390.091):(28, 20)
(1815.102, 1418.439):(27, 21)
(1784.517, 1447.027):(26, 22)
(1754.315, 1475.748):(25, 23)
(1724.447, 1505.004):(24, 24)
(1695.003, 1534.405):(23, 25)
(336.097, 1523.066):(-23, 25)
(306.812, 1492.861):(-24, 24)
(277.746, 1462.995):(-25, 23)
(247.908, 1433.654):(-26, 22)
(217.706, 1404.582):(-27, 21)
(186.792, 1375.594):(-28, 20)
(155.355, 1347.035):(-29, 19)
(123.154, 1318.563):(-30, 18)
(90.316, 1290.215):(-31, 17)
(1678.001, 2.364):(22, -27)
(1706.495, 32.87):(23, -26)
(353.939, 17.724):(-23, -26)
(1735.183, 63.015):(24, -25)
(324.487, 47.282):(-24, -25)
(1764.524, 92.252):(25, -24)
(294.339, 76.084):(-25, -24)
(1794.061, 121.572):(26, -23)
(264.044, 104.673):(-26, -23)
(1824.312, 150.312):(27, -22)
(233.338, 132.976):(-27, -22)
(1855.0, 178.937):(28, -21)
(201.921, 161.035):(-28, -21)
(1886.487, 207.355):(29, -20)
(169.781, 188.697):(-29, -20)
(1918.415, 235.477):(30, -19)
(136.869, 216.164):(-30, -19)
(1951.036, 263.523):(31, -18)
(103.514, 243.606):(-31, -18)
(1984.669, 291.54):(32, -17)
(1982.509, 1311.918):(32, 17)
(1948.701, 1339.5):(31, 18)
(1915.489, 1367.289):(30, 19)
(1883.003, 1395.363):(29, 20)
(1851.185, 1423.647):(28, 21)
(1819.951, 1452.303):(27, 22)
(1789.213, 1480.975):(26, 23)
(1759.16, 1510.397):(25, 24)
(301.643, 1527.732):(-24, 25)
(272.062, 1497.666):(-25, 24)
(242.25, 1467.839):(-26, 23)
(212.068, 1438.321):(-27, 22)
(181.0, 1409.0):(-28, 21)
(149.852, 1380.337):(-29, 20)
(117.816, 1351.566):(-30, 19)
(84.852, 1323.039):(-31, 18)
(1740.6, 28.096):(24, -26)
(319.73, 12.207):(-24, -26)
(1769.859, 57.952):(25, -25)
(289.832, 41.636):(-25, -25)
(1799.351, 87.647):(26, -24)
(259.32, 70.631):(-26, -24)
(1829.539, 116.836):(27, -23)
(228.653, 99.147):(-27, -23)
(1860.307, 145.688):(28, -22)
(197.287, 127.459):(-28, -22)
(1891.672, 174.294):(29, -21)
(165.136, 155.435):(-29, -21)
(1923.925, 202.683):(30, -20)
(132.547, 183.252):(-30, -20)
(1956.271, 230.914):(31, -19)
(99.006, 210.702):(-31, -19)
(1989.573, 258.885):(32, -18)
(1987.583, 1345.006):(32, 18)
(1953.674, 1372.939):(31, 19)
(1920.622, 1401.026):(30, 20)
(1888.209, 1429.259):(29, 21)
(1856.293, 1457.788):(28, 22)
(1825.091, 1486.813):(27, 23)
(1794.0, 1516.0):(26, 24)
(266.222, 1532.762):(-25, 25)
(236.484, 1502.675):(-26, 24)
(206.378, 1472.814):(-27, 23)
(175.491, 1443.344):(-28, 22)
(144.089, 1414.307):(-29, 21)
(111.807, 1385.302):(-30, 20)
(79.024, 1356.509):(-31, 19)
(1775.392, 23.183):(25, -26)
(284.772, 6.445):(-25, -26)
(1805.068, 52.869):(26, -25)
(254.493, 35.774):(-26, -25)
(1835.186, 82.592):(27, -24)
(223.668, 64.699):(-27, -24)
(1865.96, 111.834):(28, -23)
(192.127, 93.253):(-28, -23)
(1897.392, 140.64):(29, -22)
(160.176, 121.544):(-29, -22)
(1929.021, 169.299):(30, -21)
(127.612, 149.508):(-30, -21)
(1961.729, 197.718):(31, -20)
(94.054, 177.284):(-31, -20)
(1995.186, 225.949):(32, -19)
(1993.0, 1379.0):(32, 19)
(1959.259, 1406.997):(31, 20)
(1926.0, 1435.0):(30, 21)
(1893.678, 1463.874):(29, 22)
(1861.895, 1492.756):(28, 23)
(1830.792, 1522.0):(27, 24)
(199.941, 1508.188):(-27, 24)
(169.188, 1478.372):(-28, 23)
(137.705, 1448.785):(-29, 22)
(105.574, 1419.674):(-30, 21)
(72.801, 1390.622):(-31, 20)
(1811.095, 17.672):(26, -26)
(249.093, 0.367):(-26, -26)
(1841.209, 47.54):(27, -25)
(218.235, 29.55):(-27, -25)
(1871.569, 77.344):(28, -24)
(186.88, 58.521):(-28, -24)
(1902.935, 106.494):(29, -23)
(154.778, 87.003):(-29, -23)
(1935.037, 135.241):(30, -22)
(122.053, 115.177):(-30, -22)
(1967.498, 163.916):(31, -21)
(88.621, 143.17):(-31, -21)
(2001.0, 192.298):(32, -20)
(1999.181, 1413.466):(32, 20)
(1965.205, 1441.818):(31, 21)
(1932.0, 1470.0):(30, 22)
(1899.795, 1499.159):(29, 23)
(1867.754, 1528.228):(28, 24)
(131.0, 1484.0):(-29, 23)
(98.887, 1454.702):(-30, 22)
(65.966, 1425.341):(-31, 21)
(1909.703, 71.241):(29, -24)
(148.899, 51.567):(-29, -24)
(1941.401, 100.483):(30, -23)
(116.248, 80.148):(-30, -23)
(1974.063, 129.53):(31, -22)
(82.773, 108.502):(-31, -22)
(2007.529, 158.081):(32, -21)
(2005.559, 1448.791):(32, 21)
(2014.403, 123.0):(32, -22)
(2022.0, 87.293):(32, -23)
(2030.0, 50.681):(32, -24)
(2038.505, 13.005):(32, -25)
(484.782, 838.526):(-20, 2)
(968.8, 1051.55):(-2, 10)
(1394.626, 1087.533):(14, 11)
(1447.505, 927.182):(16, 5)
(1590.936, 714.684):(21, -3)
(1589.899, 822.592):(21, 1)
(1681.63, 228.884):(23, -20)
(1651.787, 988.106):(23, 7)
(1774.65, 853.102):(27, 2)
