598.073, 534.903
560.024, 535.000
547.024, 535.000
534.976, 535.000
522.000, 534.999
509.024, 535.000
496.000, 535.000
483.000, 535.000
470.976, 535.000
458.000, 535.000
445.000, 535.000
432.000, 535.000
419.000, 535.000
406.976, 535.000
393.999, 535.000
381.376, 535.000
368.024, 535.000
355.445, 535.000
343.000, 535.000
330.000, 534.999
317.000, 535.000
304.000, 534.999
291.333, 535.000
279.000, 535.000
266.000, 535.000
253.024, 535.000
240.024, 535.000
228.000, 535.000
215.000, 535.000
202.000, 535.000
189.000, 535.000
176.024, 535.000
164.000, 535.000
151.000, 535.000
700.000, 534.000
687.027, 534.000
674.999, 534.000
662.027, 534.000
649.024, 534.000
636.976, 534.000
624.000, 534.000
610.999, 534.000
586.000, 534.331
573.000, 534.780
138.000, 534.220
125.220, 534.220
112.395, 534.047
99.999, 534.000
87.000, 534.000
74.000, 534.000
61.027, 534.000
48.999, 534.000
35.999, 533.999
23.000, 534.000
713.000, 533.000
11.000, 533.715
395.942, 532.002
611.024, 522.000
598.220, 522.000
586.000, 522.000
573.000, 522.000
559.999, 521.999
547.968, 521.999
534.666, 522.002
521.999, 522.000
509.024, 522.000
496.024, 522.000
482.999, 522.000
471.000, 522.000
458.000, 522.000
445.000, 522.000
431.999, 521.999
418.999, 522.000
406.999, 522.000
393.999, 522.000
380.999, 522.000
367.999, 521.999
355.220, 522.000
342.999, 522.000
329.999, 522.000
316.999, 522.000
304.248, 522.000
291.220, 522.000
278.999, 522.000
266.000, 522.000
253.024, 522.000
240.500, 522.000
227.976, 522.000
214.999, 522.000
202.000, 522.000
189.027, 522.000
176.220, 522.000
163.999, 521.999
150.999, 522.000
138.000, 522.000
124.999, 522.000
112.669, 522.000
713.000, 521.000
700.000, 520.999
687.220, 521.000
675.000, 521.000
662.000, 520.999
649.097, 521.073
637.000, 521.220
624.000, 521.445
100.000, 521.715
87.000, 521.027
74.024, 521.024
61.278, 521.047
49.000, 521.000
36.000, 521.000
23.000, 521.000
10.973, 521.000
396.000, 519.000
294.000, 519.000
394.000, 509.976
381.073, 509.927
355.220, 510.000
662.000, 509.000
649.024, 509.000
637.000, 509.000
624.000, 508.999
611.220, 509.000
598.000, 509.000
586.000, 509.000
573.000, 509.000
560.000, 509.000
547.000, 509.000
534.976, 509.000
522.000, 508.999
509.000, 509.024
496.000, 509.445
483.000, 509.024
470.953, 509.396
458.000, 509.780
445.000, 509.445
432.000, 509.779
419.000, 509.668
407.000, 509.780
368.000, 509.780
343.000, 509.780
330.000, 509.445
317.073, 509.097
304.000, 509.555
291.666, 509.554
279.000, 509.024
266.073, 509.097
253.000, 509.024
240.940, 509.331
228.000, 509.000
215.000, 509.000
202.000, 508.999
189.000, 509.000
176.445, 509.000
164.000, 509.000
151.000, 509.000
138.000, 509.000
125.024, 509.000
112.668, 508.999
100.000, 508.999
87.000, 509.000
74.024, 509.000
61.500, 509.000
713.000, 508.000
700.024, 508.000
687.500, 508.000
674.999, 508.249
48.999, 508.573
36.000, 508.000
23.000, 508.000
10.751, 508.000
547.073, 496.903
535.000, 496.976
509.024, 497.000
496.000, 496.999
483.000, 497.000
471.000, 497.000
458.000, 497.000
445.027, 497.000
432.001, 497.000
419.220, 497.000
407.000, 497.000
394.000, 497.000
381.000, 497.000
368.024, 497.000
355.024, 497.000
343.000, 497.000
330.000, 497.000
317.000, 497.000
304.024, 497.000
291.976, 497.000
279.000, 497.000
266.000, 497.000
253.000, 497.000
240.000, 497.000
228.000, 497.000
215.000, 497.000
202.000, 496.976
687.976, 496.000
675.000, 496.000
662.024, 496.000
649.220, 496.000
636.999, 496.000
623.999, 495.999
611.220, 496.000
598.331, 496.000
585.999, 495.999
572.998, 496.333
560.000, 496.220
522.000, 496.780
189.000, 496.555
176.073, 496.097
164.000, 496.024
151.000, 496.000
137.999, 495.999
125.024, 496.000
112.751, 496.000
99.999, 495.999
87.000, 496.000
74.027, 496.000
61.500, 496.000
49.000, 496.000
36.000, 496.000
23.027, 496.000
713.000, 495.024
700.073, 495.097
10.904, 495.096
345.000, 494.000
281.000, 494.000
243.000, 494.000
192.000, 494.000
586.000, 483.976
572.999, 484.000
559.999, 483.999
547.024, 484.000
534.976, 484.000
522.024, 484.000
508.999, 484.000
495.999, 483.999
483.000, 484.000
471.000, 484.000
457.999, 483.999
444.999, 484.000
431.999, 483.999
419.220, 484.000
407.000, 484.000
393.999, 484.000
380.999, 484.000
368.024, 484.000
355.024, 484.000
343.000, 484.000
329.999, 483.999
316.999, 484.000
303.999, 483.999
291.999, 483.999
278.999, 484.000
265.999, 483.999
253.220, 484.000
240.024, 484.000
227.999, 483.999
214.999, 484.000
201.999, 484.000
189.024, 484.000
176.024, 484.000
163.999, 483.999
150.999, 484.000
138.248, 484.000
713.000, 483.000
700.024, 483.000
688.000, 483.000
675.000, 483.000
662.024, 483.000
649.220, 483.000
637.000, 483.000
624.000, 483.334
611.500, 483.000
598.440, 483.560
125.420, 483.447
112.976, 483.024
100.000, 483.000
87.000, 483.000
74.024, 483.000
61.220, 483.000
49.000, 483.000
36.000, 483.000
23.000, 483.000
11.000, 483.000
396.000, 481.000
205.000, 481.000
637.000, 471.000
624.024, 471.000
611.024, 471.000
599.000, 471.000
586.000, 471.000
573.000, 471.000
560.000, 471.000
547.000, 471.000
535.000, 471.000
522.000, 471.000
509.000, 471.000
496.024, 471.000
483.000, 471.000
471.000, 471.000
458.000, 471.000
445.000, 471.000
432.000, 471.000
419.000, 471.000
407.000, 471.000
394.000, 471.000
381.000, 471.000
368.000, 471.000
355.780, 471.000
343.000, 471.000
330.000, 471.000
317.000, 471.000
304.024, 471.000
292.000, 471.000
279.000, 471.000
266.000, 471.000
253.024, 471.000
240.024, 471.000
228.000, 471.000
215.000, 471.000
202.000, 471.000
189.000, 471.000
176.220, 471.000
164.000, 471.000
151.000, 471.000
138.000, 471.000
125.220, 471.000
112.751, 471.000
100.000, 471.000
87.000, 471.000
713.000, 470.000
700.220, 470.000
687.999, 469.999
674.999, 470.000
662.072, 470.072
649.255, 470.722
74.255, 470.277
61.097, 470.073
49.000, 470.027
36.000, 470.000
23.000, 470.000
10.969, 469.999
485.000, 468.000
675.000, 457.976
662.024, 458.000
650.000, 458.000
637.000, 458.000
623.999, 457.999
611.024, 458.000
598.332, 458.001
586.000, 458.000
573.000, 458.000
560.024, 458.000
547.024, 458.000
534.667, 458.001
522.000, 458.000
509.000, 458.000
495.999, 457.999
482.999, 458.000
470.927, 458.073
458.000, 458.000
444.999, 458.668
432.000, 458.555
419.446, 458.333
407.000, 458.555
394.000, 458.779
381.000, 458.555
368.047, 458.254
355.999, 457.999
342.999, 458.333
330.000, 458.220
317.024, 458.000
304.000, 458.555
291.999, 457.999
279.000, 458.024
266.000, 458.000
252.999, 458.000
239.999, 457.999
215.000, 458.000
202.000, 458.000
189.024, 458.000
176.024, 458.000
163.999, 457.999
150.999, 458.000
138.024, 458.000
125.376, 458.000
112.976, 458.000
99.999, 457.999
86.999, 458.000
74.248, 458.000
61.024, 458.000
49.000, 458.000
713.024, 457.000
700.973, 457.000
688.000, 457.024
36.000, 457.027
23.032, 457.032
11.000, 457.032
228.360, 457.639
179.000, 456.000
547.073, 445.903
509.000, 446.000
495.999, 445.999
482.999, 446.000
470.999, 446.000
457.999, 446.000
445.000, 446.000
432.024, 446.000
419.976, 446.000
406.999, 446.000
394.000, 446.000
381.000, 446.000
368.024, 446.000
355.220, 446.000
342.999, 446.000
329.999, 446.000
317.024, 446.000
304.220, 446.000
291.999, 446.000
278.999, 446.000
265.999, 446.000
253.024, 446.000
240.220, 446.000
228.000, 445.976
215.000, 445.976
700.220, 445.000
688.000, 444.999
675.024, 445.000
662.220, 445.000
650.000, 445.000
637.000, 445.000
624.000, 444.999
611.024, 445.000
599.000, 445.000
586.000, 444.999
573.000, 445.220
560.000, 445.445
535.000, 445.445
522.000, 445.779
202.000, 445.445
189.048, 445.256
176.000, 445.220
164.000, 445.024
151.000, 445.000
138.000, 444.999
125.220, 445.000
112.976, 445.000
100.000, 444.999
87.000, 445.000
74.027, 445.000
61.333, 444.999
49.000, 445.000
36.000, 444.999
23.000, 445.000
10.751, 445.001
713.129, 444.129
268.000, 443.000
217.000, 443.000
179.000, 443.000
573.073, 432.927
560.024, 433.000
547.000, 433.000
535.000, 433.000
522.000, 433.000
509.000, 433.000
496.000, 432.999
483.024, 433.000
471.000, 433.000
458.000, 433.000
445.000, 433.000
432.000, 432.999
419.555, 433.000
407.000, 433.000
394.000, 433.000
381.000, 433.000
368.000, 432.999
355.333, 433.001
343.000, 433.000
330.000, 433.000
317.000, 433.000
304.000, 432.999
292.000, 432.999
279.000, 433.000
266.000, 433.000
253.000, 433.000
240.780, 433.000
228.000, 432.999
215.000, 433.000
202.000, 433.000
189.000, 433.000
176.973, 433.000
164.000, 433.000
151.000, 433.000
701.000, 432.000
687.999, 431.999
675.669, 432.000
662.220, 432.000
649.999, 431.999
636.999, 432.000
624.024, 432.000
611.024, 432.000
599.000, 432.000
586.000, 432.779
137.999, 432.666
125.129, 432.129
113.000, 432.027
100.000, 432.000
87.000, 432.000
74.027, 432.000
61.220, 432.000
49.000, 432.000
36.000, 432.000
23.058, 432.000
10.968, 431.999
230.000, 430.000
153.998, 430.000
624.000, 419.976
611.220, 420.000
599.000, 420.000
585.999, 419.999
572.999, 420.000
559.999, 419.999
547.024, 420.000
535.000, 420.000
521.999, 419.999
508.999, 420.000
495.999, 419.999
483.000, 420.000
470.999, 420.000
457.999, 419.999
444.999, 420.000
431.999, 419.999
419.332, 420.000
406.999, 420.000
393.999, 419.999
380.999, 420.000
367.999, 419.999
355.220, 420.000
343.000, 420.000
330.024, 420.000
316.999, 420.000
303.999, 419.999
291.999, 419.999
278.999, 420.000
265.999, 419.999
252.999, 420.000
240.220, 420.000
227.999, 419.999
214.999, 420.000
201.999, 419.999
189.024, 420.000
176.024, 420.000
163.999, 419.999
150.999, 420.000
138.024, 420.000
125.024, 420.000
112.999, 420.000
74.968, 419.968
713.220, 419.000
700.973, 419.000
688.000, 419.000
675.024, 419.000
662.445, 419.000
650.000, 419.000
637.002, 419.333
100.000, 419.780
87.001, 419.333
61.500, 419.000
49.000, 419.024
36.000, 419.000
23.000, 419.000
10.968, 419.000
256.000, 418.000
662.220, 407.000
650.000, 407.000
637.000, 407.000
624.000, 407.000
611.220, 407.000
599.000, 407.000
586.000, 407.000
573.000, 407.000
560.000, 407.000
547.667, 407.001
535.000, 407.000
522.000, 407.000
509.000, 407.000
496.000, 407.000
483.024, 407.000
471.000, 407.000
458.000, 407.000
445.000, 407.000
432.000, 407.220
419.220, 407.000
407.000, 407.024
394.000, 407.000
381.000, 407.000
368.000, 407.000
356.000, 407.000
343.000, 407.000
330.000, 407.024
317.000, 407.000
304.024, 407.000
292.000, 407.000
279.000, 407.000
266.000, 407.000
253.000, 407.000
241.000, 407.000
228.000, 407.000
215.000, 407.000
202.000, 407.000
189.024, 407.000
176.220, 407.000
164.000, 407.000
151.000, 407.000
138.024, 407.000
125.220, 407.000
113.000, 407.000
100.000, 407.000
87.000, 407.000
74.000, 407.000
61.220, 407.000
49.000, 407.000
713.024, 406.000
701.000, 406.000
687.999, 405.999
675.711, 406.052
36.000, 406.220
23.027, 406.027
10.500, 406.000
445.000, 395.000
432.000, 395.000
419.333, 395.000
407.000, 395.000
394.000, 395.000
381.000, 395.000
368.000, 395.000
356.000, 395.000
343.000, 395.000
330.000, 395.000
317.000, 395.000
304.000, 395.000
292.000, 394.976
279.000, 395.000
266.000, 395.000
253.000, 395.000
701.000, 394.000
688.000, 394.000
675.973, 394.000
662.445, 394.000
650.000, 394.000
637.000, 394.000
624.024, 394.000
611.024, 394.000
598.976, 394.000
585.999, 394.000
573.000, 394.000
560.024, 394.000
547.000, 394.024
534.999, 394.000
522.002, 394.331
509.000, 394.555
496.000, 394.668
483.000, 394.555
471.000, 394.780
458.000, 394.780
240.555, 394.665
215.000, 394.445
202.000, 394.220
189.024, 394.000
177.000, 394.000
164.000, 393.999
151.000, 394.000
138.024, 394.000
125.220, 394.000
112.973, 394.000
99.999, 393.999
86.999, 394.000
74.024, 394.000
61.220, 394.000
49.000, 394.000
36.000, 394.000
23.027, 394.000
10.751, 394.000
713.916, 393.084
228.360, 394.187
167.000, 391.998
573.000, 381.976
546.999, 382.000
534.976, 382.000
522.000, 382.000
509.000, 382.000
495.999, 381.999
483.024, 382.000
470.999, 382.000
458.000, 382.000
445.024, 382.000
432.024, 382.000
419.024, 382.000
406.999, 382.000
394.000, 382.000
381.024, 382.000
367.999, 381.999
355.999, 381.999
342.999, 382.000
330.000, 382.000
317.000, 382.000
304.024, 382.000
291.999, 381.999
278.999, 382.000
266.000, 382.000
253.220, 382.000
241.000, 382.000
227.999, 381.999
214.999, 382.000
202.000, 382.000
189.024, 382.000
176.999, 382.000
163.999, 381.999
713.973, 381.000
701.000, 381.000
688.000, 380.999
675.024, 381.000
662.220, 381.000
650.000, 381.000
637.000, 381.000
624.220, 381.000
611.024, 381.000
599.000, 381.000
585.999, 381.667
560.097, 381.073
151.000, 381.666
138.073, 381.073
125.046, 381.488
113.000, 381.024
100.000, 381.000
87.000, 381.000
75.000, 381.000
61.220, 381.000
49.000, 381.000
36.000, 380.999
23.037, 381.000
10.751, 381.001
599.000, 369.000
586.000, 369.000
573.000, 369.000
560.024, 369.000
547.555, 369.000
535.000, 369.000
522.024, 369.000
509.000, 369.000
496.000, 368.999
483.000, 369.000
471.000, 369.000
458.000, 369.000
445.000, 369.000
432.000, 368.999
419.333, 369.001
407.000, 369.000
394.000, 369.000
381.000, 369.000
368.220, 369.000
356.000, 368.999
343.000, 369.000
330.000, 369.000
317.000, 369.000
304.024, 369.000
292.000, 368.999
279.000, 369.000
266.000, 368.999
253.024, 369.000
241.000, 369.000
228.000, 368.999
215.000, 369.000
202.000, 369.000
189.024, 369.000
176.445, 369.000
164.000, 369.000
151.000, 369.000
138.024, 369.000
125.024, 369.000
112.976, 369.000
713.555, 368.000
701.000, 368.000
687.999, 367.999
675.220, 368.000
662.555, 368.000
649.999, 367.999
637.000, 368.000
624.047, 368.722
611.220, 368.780
100.000, 368.780
87.000, 368.024
74.248, 368.000
61.374, 368.000
48.999, 368.000
35.999, 367.999
23.000, 368.000
10.374, 368.000
167.002, 366.998
650.000, 355.976
636.999, 356.000
624.024, 356.000
611.555, 356.000
599.000, 356.000
585.999, 355.999
572.999, 356.000
560.331, 356.000
547.220, 356.000
534.999, 356.000
521.999, 355.999
508.999, 356.000
495.999, 355.999
483.024, 356.000
471.000, 356.000
458.000, 356.000
444.999, 356.000
432.000, 356.000
419.665, 355.999
407.000, 356.000
393.999, 355.999
380.999, 356.000
368.000, 356.000
356.000, 356.000
343.000, 356.000
329.999, 355.999
317.000, 356.000
304.220, 356.000
291.999, 355.999
278.999, 356.000
266.000, 356.000
253.000, 356.000
240.751, 356.000
227.999, 355.999
214.999, 356.000
202.000, 355.999
189.024, 356.000
176.445, 356.000
163.999, 355.999
151.000, 356.000
138.024, 356.000
125.024, 356.000
112.976, 356.000
99.999, 355.999
87.000, 356.000
74.220, 356.000
61.024, 356.000
713.220, 355.000
701.000, 355.000
688.000, 355.000
675.000, 355.220
662.872, 355.127
48.953, 355.371
36.000, 355.027
23.000, 355.032
10.973, 355.000
205.000, 354.000
675.024, 343.000
663.000, 343.000
650.000, 343.000
637.024, 343.000
624.220, 343.000
611.976, 343.000
599.000, 343.000
586.000, 343.000
573.024, 343.000
560.000, 343.000
547.445, 343.000
535.000, 343.000
522.000, 343.000
509.000, 343.000
496.000, 343.220
483.000, 343.000
471.000, 343.024
458.000, 343.555
445.000, 343.249
431.998, 343.666
419.278, 343.745
407.000, 343.000
394.000, 343.555
381.001, 343.376
367.998, 343.666
356.000, 343.000
343.000, 343.555
330.000, 343.555
317.000, 343.027
304.333, 343.778
292.000, 343.249
279.000, 343.668
266.000, 343.666
253.000, 343.027
240.953, 343.627
228.000, 343.000
215.024, 343.000
202.000, 343.000
189.024, 343.000
176.445, 343.000
164.000, 343.000
151.000, 343.000
138.024, 343.000
125.220, 343.000
112.667, 342.999
100.000, 343.000
87.000, 343.000
74.024, 343.000
61.024, 343.000
49.000, 343.000
36.000, 343.000
23.000, 343.000
10.360, 342.889
713.024, 342.000
701.000, 342.445
688.000, 342.500
509.000, 330.976
496.000, 331.000
483.220, 331.000
471.000, 331.000
458.000, 331.000
445.000, 331.000
432.000, 331.000
419.555, 331.000
407.000, 331.000
394.000, 331.000
381.000, 331.000
368.000, 331.000
356.000, 331.000
343.000, 331.000
330.000, 331.000
317.000, 331.000
304.220, 331.000
292.000, 331.000
279.000, 331.000
266.000, 331.000
253.000, 331.000
241.000, 331.000
228.000, 331.000
215.000, 331.000
714.000, 330.000
701.000, 330.000
688.027, 330.000
675.445, 330.000
662.976, 330.000
650.000, 330.000
637.000, 330.000
624.220, 330.000
611.999, 329.999
598.999, 330.000
585.999, 330.000
573.000, 330.000
559.999, 329.999
547.220, 330.000
535.000, 330.024
522.000, 330.555
202.000, 330.779
189.046, 330.488
176.561, 330.097
164.000, 330.024
151.000, 330.000
137.999, 330.000
125.220, 330.000
112.780, 330.000
99.999, 329.999
74.220, 330.000
61.973, 330.000
48.976, 330.000
35.999, 329.999
23.000, 330.000
10.500, 330.000
560.024, 318.000
547.024, 318.000
535.000, 318.000
522.000, 318.000
508.999, 318.000
496.024, 318.000
482.999, 318.000
471.000, 318.000
458.000, 318.000
445.000, 318.000
432.000, 318.000
420.000, 318.000
406.999, 318.000
393.999, 318.000
381.000, 318.000
368.000, 318.000
356.000, 318.000
343.000, 318.000
330.000, 318.000
317.000, 318.000
304.027, 318.000
292.000, 318.000
278.999, 318.000
266.000, 318.000
253.000, 318.000
241.000, 318.000
227.999, 317.999
214.999, 318.000
202.024, 318.000
189.024, 318.000
176.668, 317.999
163.999, 317.999
151.000, 318.000
138.220, 318.000
125.073, 317.903
713.333, 316.999
701.000, 317.000
688.000, 316.999
675.024, 317.000
663.000, 317.000
650.000, 316.999
637.000, 317.000
624.220, 317.000
611.976, 317.000
599.000, 317.000
585.999, 317.667
573.000, 317.445
113.000, 317.780
100.000, 317.024
87.000, 317.000
75.000, 317.000
61.445, 317.000
49.000, 317.000
36.000, 316.999
23.000, 317.000
10.332, 316.999
167.000, 315.998
611.555, 305.000
599.000, 305.000
586.000, 305.000
573.000, 305.000
560.024, 305.000
547.024, 305.000
535.000, 305.000
522.000, 305.000
509.000, 305.000
496.000, 304.999
483.220, 305.000
471.000, 305.000
458.000, 305.000
445.000, 305.000
432.000, 305.000
419.333, 305.001
407.000, 305.000
394.000, 304.999
381.000, 305.000
368.000, 305.000
356.000, 304.998
343.000, 305.000
330.000, 305.000
317.000, 305.000
304.000, 305.000
292.000, 304.999
279.000, 305.000
266.000, 305.000
253.000, 305.000
241.000, 305.000
228.000, 305.000
215.000, 305.000
202.024, 305.000
189.000, 305.000
176.976, 305.000
164.000, 305.000
151.000, 305.000
138.024, 305.000
125.024, 305.000
113.000, 305.000
100.000, 304.999
87.000, 305.000
713.752, 304.001
701.000, 304.000
687.999, 303.999
675.624, 303.999
662.780, 304.000
650.000, 304.024
637.000, 304.024
624.097, 304.073
74.046, 304.512
61.948, 304.289
48.973, 304.000
36.000, 304.024
23.000, 304.000
10.500, 304.000
649.999, 291.999
636.999, 292.000
623.999, 291.999
611.445, 292.000
598.999, 292.000
585.999, 291.999
572.999, 292.000
559.999, 291.999
547.024, 292.000
535.000, 292.000
521.999, 291.999
508.999, 292.000
495.999, 291.999
483.000, 292.000
471.000, 292.000
457.999, 291.999
444.999, 292.000
432.000, 292.000
420.000, 292.000
406.999, 292.000
394.000, 292.220
381.488, 292.046
368.000, 292.000
355.927, 291.927
343.000, 292.000
330.000, 292.024
316.999, 292.000
304.027, 292.000
292.000, 292.000
279.000, 292.000
265.999, 291.999
253.000, 292.000
241.000, 292.000
227.999, 291.999
215.000, 292.000
201.999, 291.999
189.220, 292.000
176.780, 292.000
163.999, 291.999
151.000, 292.000
138.024, 292.000
125.220, 292.000
112.999, 292.000
99.999, 291.999
87.000, 292.000
74.024, 292.000
61.220, 292.000
48.666, 292.001
36.000, 291.976
713.220, 291.000
701.000, 291.000
688.000, 291.032
675.024, 291.024
662.667, 291.779
23.000, 291.032
10.097, 291.073
419.512, 279.954
407.000, 280.000
393.999, 279.999
381.000, 280.000
368.000, 280.000
356.000, 279.917
343.000, 280.000
330.000, 279.976
317.000, 279.976
304.255, 279.953
292.000, 279.976
279.000, 279.955
688.000, 279.000
675.024, 279.000
662.973, 279.000
650.000, 279.000
637.000, 279.000
624.220, 279.000
611.024, 279.000
599.000, 279.000
586.000, 279.000
573.000, 279.000
560.000, 279.000
547.024, 279.000
535.000, 279.000
522.000, 279.000
509.000, 279.000
496.000, 279.332
483.073, 279.073
471.000, 279.555
458.000, 279.000
445.000, 279.555
432.000, 279.555
266.000, 279.780
253.000, 279.668
240.998, 279.666
228.000, 279.220
215.000, 279.024
202.000, 279.024
189.000, 279.000
176.445, 279.000
164.000, 279.000
151.024, 279.000
138.000, 279.000
125.555, 279.000
113.000, 279.000
100.000, 279.000
87.917, 279.000
74.220, 279.000
61.973, 279.000
48.780, 279.000
36.000, 279.000
23.024, 279.000
10.973, 279.000
713.097, 278.073
701.000, 278.220
509.024, 267.000
496.000, 267.000
483.333, 267.001
471.000, 267.000
458.000, 267.000
445.000, 267.000
432.000, 267.000
420.000, 267.000
407.000, 267.000
394.000, 267.000
381.000, 267.000
356.000, 267.000
343.000, 267.000
330.000, 267.000
317.000, 267.000
304.500, 267.000
292.000, 267.000
279.000, 267.000
266.000, 267.000
253.000, 267.000
241.000, 267.000
228.000, 267.000
215.000, 267.000
202.000, 267.000
189.000, 267.000
176.555, 267.000
713.973, 266.000
701.000, 266.000
687.999, 265.999
674.999, 266.000
662.220, 266.000
650.000, 266.000
637.000, 266.000
623.999, 265.999
612.000, 266.000
598.999, 266.000
586.000, 266.000
573.000, 266.000
560.000, 266.024
547.000, 266.780
535.000, 266.220
522.000, 266.331
164.000, 266.555
151.000, 266.220
138.024, 266.000
125.048, 266.255
112.780, 266.000
99.999, 265.999
87.024, 266.000
74.024, 266.000
61.973, 266.000
49.000, 266.000
35.999, 265.999
23.000, 266.000
560.220, 254.000
547.976, 254.000
534.999, 254.000
522.000, 254.000
508.999, 254.000
496.780, 254.000
483.332, 254.000
470.999, 254.000
458.000, 254.000
445.000, 254.000
431.999, 253.999
419.973, 254.000
406.999, 254.000
394.000, 254.000
381.000, 254.000
367.999, 253.999
356.000, 254.000
342.999, 254.000
330.000, 254.000
317.000, 254.000
304.973, 254.000
292.000, 254.000
279.000, 254.000
266.000, 254.000
253.000, 254.000
241.000, 254.000
227.999, 253.999
214.999, 254.000
202.000, 254.000
189.024, 254.000
177.000, 254.000
163.999, 253.999
150.999, 254.000
138.024, 254.000
125.024, 254.000
112.976, 254.000
713.973, 253.000
701.000, 253.000
688.000, 252.999
675.024, 253.000
662.667, 253.000
650.000, 253.000
637.000, 253.000
624.220, 253.000
611.555, 253.000
599.000, 253.000
586.000, 253.024
573.002, 253.333
100.000, 253.220
87.000, 253.000
74.374, 252.999
61.500, 253.000
48.780, 253.000
36.000, 253.000
23.032, 253.000
10.500, 253.000
611.073, 240.927
599.000, 241.000
586.000, 241.000
573.000, 241.000
560.024, 241.000
547.000, 241.000
534.780, 241.000
522.000, 241.000
509.000, 241.000
496.024, 241.000
483.024, 241.000
471.000, 241.000
458.000, 241.000
445.000, 241.000
432.000, 240.999
420.000, 241.000
407.000, 241.000
394.000, 241.000
381.000, 241.000
368.000, 241.000
356.000, 241.000
343.000, 241.000
330.000, 241.000
317.000, 241.000
304.037, 241.000
292.000, 241.000
279.000, 241.000
266.000, 241.000
253.000, 241.000
241.000, 241.000
228.000, 241.000
215.000, 241.000
202.000, 241.000
189.024, 241.000
176.220, 241.000
164.000, 240.999
151.000, 241.000
138.024, 241.000
125.024, 241.000
113.000, 241.000
100.000, 240.999
87.000, 241.000
74.220, 241.000
61.220, 241.000
713.220, 240.000
700.999, 240.000
687.999, 239.999
675.024, 240.000
661.999, 239.999
649.999, 239.999
637.000, 240.000
624.000, 240.024
48.927, 240.073
36.000, 240.024
23.000, 240.000
10.024, 240.000
649.999, 227.999
636.999, 228.000
623.999, 227.999
611.024, 228.000
598.999, 228.000
585.999, 227.999
572.999, 228.000
559.999, 227.999
547.333, 228.001
534.976, 228.000
521.999, 227.999
508.999, 228.000
495.999, 227.999
483.024, 228.000
470.999, 228.000
457.999, 227.999
445.000, 228.000
431.999, 227.999
419.555, 228.000
407.000, 228.024
394.000, 228.000
380.999, 228.000
368.000, 228.024
356.000, 228.000
343.000, 228.000
330.000, 228.024
317.000, 228.000
304.249, 228.000
292.000, 228.000
279.000, 228.000
266.000, 228.000
253.000, 228.000
241.000, 228.000
227.999, 228.000
215.000, 228.000
201.999, 227.999
188.999, 228.000
176.331, 228.000
163.999, 227.999
151.027, 228.000
137.999, 227.999
125.024, 228.000
112.976, 228.000
99.999, 227.999
87.000, 228.000
74.220, 228.000
61.220, 228.000
49.000, 228.000
35.999, 227.999
23.000, 228.000
713.024, 227.000
701.000, 227.000
688.000, 227.024
675.024, 227.024
662.047, 227.278
10.220, 227.220
356.000, 215.976
317.000, 215.973
292.000, 215.976
688.000, 215.000
675.000, 215.000
662.000, 215.000
650.000, 215.000
637.000, 215.000
624.000, 215.000
611.024, 215.000
599.000, 215.000
586.000, 215.000
573.000, 215.000
560.024, 215.000
547.000, 215.000
535.000, 215.000
522.000, 215.000
509.000, 215.000
496.024, 215.000
483.001, 215.333
471.000, 215.445
458.000, 215.027
445.000, 215.249
432.000, 215.032
419.948, 215.315
407.000, 215.626
394.000, 215.555
381.000, 215.624
367.998, 215.666
343.000, 215.000
330.000, 215.625
305.000, 215.500
279.000, 215.500
266.000, 215.780
253.000, 215.249
240.998, 215.666
228.000, 215.555
215.000, 215.445
202.000, 215.024
189.220, 215.000
176.220, 215.000
164.000, 215.000
151.000, 215.000
138.000, 215.000
125.220, 215.000
112.555, 215.000
100.000, 215.000
87.000, 215.000
74.332, 215.000
61.667, 214.999
49.000, 215.000
36.000, 215.000
23.027, 215.000
10.968, 215.000
713.024, 214.000
701.000, 214.220
471.000, 203.000
458.000, 203.000
445.000, 203.000
432.000, 203.000
419.500, 203.000
407.000, 203.000
394.000, 203.000
381.000, 203.000
368.000, 203.000
356.000, 203.000
343.000, 203.000
330.000, 203.000
317.000, 203.000
304.000, 203.000
292.000, 203.000
279.000, 203.000
266.000, 203.000
253.000, 203.000
240.500, 203.000
228.000, 203.000
215.000, 203.000
202.000, 203.000
189.024, 203.000
176.903, 202.927
151.000, 203.000
713.332, 202.000
700.668, 202.000
687.999, 201.999
675.024, 202.000
662.024, 202.000
650.000, 202.000
637.000, 202.000
624.000, 201.999
611.024, 202.000
598.999, 202.000
586.000, 202.000
573.000, 202.000
559.999, 201.999
547.024, 202.000
535.000, 202.220
522.000, 202.024
509.000, 202.780
495.998, 202.666
483.555, 202.779
164.000, 202.445
138.000, 202.000
125.024, 202.000
112.331, 202.000
99.999, 201.999
87.024, 202.000
74.024, 202.000
49.000, 202.000
36.000, 202.000
22.999, 202.000
10.248, 202.000
534.999, 190.000
522.000, 190.000
509.000, 190.000
495.999, 189.999
483.024, 190.000
471.000, 190.000
458.000, 190.000
445.000, 190.000
431.999, 189.999
419.058, 190.000
407.000, 190.000
394.000, 190.000
381.000, 190.000
368.000, 190.000
356.000, 190.000
342.999, 190.000
330.000, 190.000
317.000, 190.000
304.248, 190.000
292.000, 190.000
279.000, 190.000
266.000, 190.000
253.000, 190.000
240.625, 190.000
227.999, 189.999
214.999, 190.000
202.000, 190.000
189.024, 190.000
176.220, 190.000
163.999, 189.999
150.999, 190.000
137.999, 190.000
125.024, 190.000
713.024, 189.000
700.555, 189.000
688.000, 188.999
675.024, 189.000
662.555, 189.000
650.000, 189.000
637.000, 189.000
624.000, 188.999
611.000, 189.000
599.000, 189.000
586.000, 188.999
573.000, 189.024
560.333, 189.333
547.000, 189.780
112.684, 189.099
100.000, 189.000
87.000, 189.024
74.024, 189.000
49.000, 189.000
36.000, 189.000
23.249, 189.000
10.751, 189.001
586.000, 177.000
573.000, 177.000
560.000, 176.999
547.024, 177.000
535.000, 177.000
522.000, 177.000
509.000, 177.000
496.024, 177.000
483.024, 177.000
471.000, 177.000
458.000, 177.000
445.000, 177.000
432.024, 177.000
420.000, 176.999
407.000, 177.000
394.000, 177.000
381.220, 177.000
368.024, 177.000
356.000, 177.000
343.000, 177.000
330.000, 177.000
317.000, 177.000
304.024, 177.000
292.000, 176.999
279.000, 177.000
266.000, 177.000
253.000, 177.000
241.000, 177.000
228.000, 176.999
215.000, 177.000
202.000, 177.000
189.024, 177.000
176.555, 177.000
164.000, 176.999
151.000, 177.000
138.024, 177.000
125.333, 177.001
112.976, 177.000
100.000, 176.999
87.000, 177.000
74.024, 177.000
713.024, 176.000
700.024, 176.000
687.999, 175.999
675.000, 176.000
662.027, 176.000
649.999, 175.999
636.999, 176.000
623.999, 175.999
611.000, 176.000
599.001, 176.332
61.603, 176.396
49.000, 176.220
36.000, 176.248
23.024, 176.024
10.500, 176.000
458.914, 170.000
637.000, 163.976
623.999, 163.999
611.024, 164.000
598.667, 163.999
585.999, 163.999
572.999, 164.000
559.999, 163.999
547.024, 164.000
534.999, 164.000
521.999, 163.999
508.999, 164.000
496.024, 164.000
483.024, 164.000
471.000, 164.000
458.000, 164.000
444.999, 164.000
432.024, 164.000
419.976, 164.000
407.000, 164.000
393.999, 163.999
381.500, 164.000
367.999, 163.999
356.000, 164.248
343.000, 164.024
329.999, 163.999
316.999, 164.000
304.220, 164.000
291.999, 163.999
279.000, 164.024
265.999, 163.999
253.000, 164.000
240.780, 164.000
227.999, 163.999
214.999, 164.000
201.999, 163.999
189.024, 164.000
176.331, 164.000
163.999, 163.999
151.000, 164.000
138.220, 164.000
125.445, 164.000
112.445, 164.000
99.999, 163.999
87.000, 164.000
74.024, 164.000
61.334, 164.001
48.999, 164.000
36.000, 164.000
23.027, 164.000
11.000, 164.000
713.024, 163.000
700.024, 163.000
688.000, 163.024
675.000, 163.024
662.024, 163.024
649.927, 163.073
700.973, 151.000
688.000, 151.000
675.027, 151.000
662.332, 151.000
649.220, 151.000
637.000, 151.000
624.000, 151.000
611.024, 151.000
599.000, 151.000
586.000, 151.000
573.000, 151.000
560.000, 151.000
547.024, 151.000
535.000, 151.000
522.000, 151.000
509.000, 151.000
496.000, 151.000
483.000, 151.024
471.000, 151.000
458.000, 151.024
445.000, 151.445
432.000, 151.445
420.000, 151.000
406.998, 151.667
394.000, 151.024
381.000, 151.780
368.000, 151.555
356.000, 151.780
343.000, 151.445
330.000, 151.445
317.000, 151.445
304.073, 151.073
291.999, 151.334
279.000, 151.024
266.000, 151.220
252.998, 151.666
240.903, 151.073
228.000, 151.000
215.000, 151.024
202.000, 151.000
189.024, 151.000
177.000, 151.000
164.000, 151.000
151.000, 151.000
138.024, 151.000
125.220, 151.000
112.555, 151.000
100.000, 151.000
87.000, 151.000
74.332, 151.000
61.333, 151.001
49.000, 151.000
36.000, 151.000
23.027, 151.000
10.249, 151.000
712.999, 150.249
458.000, 139.000
445.000, 139.000
432.024, 139.000
419.445, 139.000
407.000, 139.000
394.000, 139.000
381.024, 139.000
368.000, 139.000
356.000, 139.000
343.000, 139.000
330.000, 139.000
317.000, 139.000
304.024, 139.000
292.000, 139.000
279.000, 139.000
266.000, 139.000
253.024, 139.000
240.024, 139.000
228.000, 139.000
215.000, 139.000
202.000, 139.000
713.000, 138.000
700.024, 138.000
687.999, 137.999
674.999, 138.000
662.000, 138.000
649.445, 138.000
637.000, 138.000
623.999, 137.999
611.000, 138.000
598.999, 138.000
586.000, 138.000
573.000, 138.000
560.024, 138.000
547.024, 138.000
534.722, 138.047
522.000, 138.220
509.000, 138.024
496.000, 138.780
483.000, 138.780
471.000, 138.555
189.047, 138.278
176.278, 138.048
163.999, 137.999
150.999, 138.000
138.097, 138.073
125.024, 138.000
112.976, 138.000
99.999, 137.999
86.999, 138.000
74.331, 138.002
61.024, 138.000
49.000, 138.000
36.000, 138.000
23.024, 138.000
10.220, 138.000
509.000, 126.000
495.999, 125.999
482.999, 126.000
470.976, 126.000
458.000, 126.000
445.024, 126.000
431.999, 125.999
419.332, 126.000
406.999, 126.000
394.000, 126.000
381.000, 126.000
368.024, 126.000
355.999, 125.999
342.999, 126.000
330.000, 126.000
317.000, 126.000
304.024, 126.000
291.999, 125.999
278.999, 126.000
266.000, 126.000
253.024, 126.000
240.024, 126.000
227.999, 125.999
214.999, 126.000
202.000, 126.000
189.024, 126.000
176.024, 126.000
163.999, 125.999
150.999, 126.000
138.024, 126.000
62.000, 125.500
713.000, 125.000
700.220, 125.000
688.000, 124.999
675.000, 125.000
662.024, 125.000
649.024, 125.000
637.000, 125.000
624.000, 124.999
611.000, 125.000
598.220, 125.000
586.000, 124.999
573.000, 125.024
560.024, 125.024
547.024, 125.024
534.555, 125.665
522.000, 125.555
125.073, 125.097
112.128, 125.128
100.000, 125.000
87.000, 125.024
74.024, 125.024
49.000, 125.000
36.000, 125.000
23.027, 125.000
10.715, 125.000
560.000, 112.999
547.000, 113.000
535.000, 113.000
522.000, 113.000
509.000, 113.000
496.000, 112.999
483.024, 113.000
470.976, 113.000
458.000, 113.000
445.000, 113.000
432.024, 113.000
419.024, 113.000
407.000, 113.000
394.000, 113.000
381.000, 113.000
368.000, 113.000
356.000, 113.000
343.000, 113.000
330.000, 113.000
317.000, 113.000
304.024, 113.000
292.000, 112.999
279.000, 113.000
266.000, 113.000
253.000, 113.000
240.555, 113.000
228.000, 112.999
215.000, 113.000
202.000, 113.000
189.024, 113.000
176.333, 113.000
164.000, 112.999
151.000, 113.000
138.000, 113.000
125.333, 113.001
112.780, 113.000
100.000, 112.999
87.000, 113.000
74.249, 112.999
61.488, 112.954
713.000, 112.000
700.751, 112.000
687.445, 112.000
675.000, 112.000
662.024, 112.000
649.024, 112.000
636.999, 112.000
624.000, 112.024
611.000, 112.000
598.554, 112.222
586.000, 112.024
572.999, 112.669
48.999, 112.667
36.000, 112.751
23.073, 112.097
10.499, 112.249
624.000, 99.976
611.000, 100.000
598.220, 100.000
585.999, 99.999
572.999, 100.000
559.999, 99.999
547.024, 100.000
534.780, 100.000
521.999, 99.999
508.999, 100.000
495.999, 99.999
483.024, 100.000
470.976, 100.000
457.999, 99.999
444.999, 100.000
432.024, 100.000
419.024, 100.000
407.000, 100.000
393.999, 99.999
380.999, 100.000
368.000, 100.024
355.000, 100.220
342.999, 100.000
329.999, 99.999
317.000, 100.024
304.024, 100.000
291.999, 99.999
279.000, 100.000
265.999, 99.999
253.024, 100.000
240.024, 100.000
227.999, 99.999
214.999, 100.000
201.999, 99.999
189.220, 100.000
176.220, 100.000
163.999, 99.999
151.000, 100.000
138.024, 100.000
125.024, 100.000
112.976, 100.000
99.999, 99.999
87.000, 100.000
74.220, 100.000
61.220, 100.000
48.999, 100.000
36.000, 100.000
23.027, 100.000
10.248, 100.000
713.000, 99.024
700.027, 99.000
687.395, 99.047
675.000, 99.024
662.000, 99.024
649.073, 99.097
637.000, 99.445
687.220, 87.000
675.000, 87.000
662.032, 86.999
649.024, 87.000
636.976, 87.000
624.000, 87.000
611.000, 87.000
598.024, 87.000
586.000, 87.000
573.000, 87.000
560.024, 87.000
547.000, 87.000
534.332, 86.999
522.000, 87.000
509.000, 87.000
496.000, 87.000
483.024, 87.000
470.780, 87.000
458.000, 87.000
445.001, 87.333
431.999, 87.667
419.073, 87.073
407.000, 87.445
394.000, 87.555
381.000, 87.445
368.000, 87.445
355.047, 87.606
343.000, 87.024
330.000, 87.220
317.000, 87.780
304.047, 87.371
292.000, 87.000
279.000, 87.445
266.027, 87.027
253.000, 87.555
240.073, 87.073
228.000, 87.000
215.000, 87.000
202.024, 87.024
189.000, 87.000
176.667, 87.000
164.000, 87.000
151.000, 87.000
138.000, 87.000
125.024, 87.000
112.445, 87.000
100.000, 87.000
87.000, 87.000
74.220, 87.000
61.973, 87.000
49.000, 87.000
36.000, 87.000
10.751, 87.000
712.998, 86.333
700.046, 86.512
407.000, 74.976
368.024, 75.000
355.024, 75.000
343.000, 74.976
330.000, 75.000
317.000, 75.000
304.073, 74.927
291.629, 74.953
713.000, 74.000
699.999, 73.999
687.220, 74.000
674.999, 74.000
662.000, 74.000
649.024, 74.000
636.667, 74.001
623.999, 73.999
611.024, 74.000
598.220, 74.000
586.000, 74.000
573.000, 74.000
559.999, 73.999
547.000, 74.000
534.220, 74.000
522.000, 74.024
509.000, 74.000
496.000, 74.024
483.000, 74.024
470.999, 74.000
458.000, 74.220
445.024, 74.024
432.000, 74.445
419.000, 74.780
393.999, 74.667
381.000, 74.555
279.000, 74.669
266.000, 74.220
253.000, 74.555
240.047, 74.606
227.952, 74.371
215.000, 74.024
202.000, 74.220
189.220, 74.220
176.395, 74.047
163.999, 73.999
151.000, 74.027
138.097, 74.073
125.220, 74.000
112.555, 74.000
100.000, 74.000
86.999, 74.000
74.024, 74.000
61.666, 73.999
49.000, 74.000
36.000, 74.000
23.027, 74.000
10.374, 73.999
445.000, 61.976
431.999, 61.999
418.999, 62.000
406.999, 62.000
394.000, 62.000
381.000, 62.000
368.024, 62.000
355.024, 62.000
342.999, 62.000
330.000, 62.000
317.000, 62.000
304.220, 62.000
291.666, 61.999
278.999, 62.000
266.000, 62.000
253.024, 62.000
240.555, 62.000
227.999, 61.999
214.999, 62.000
201.999, 62.000
189.220, 62.000
176.024, 62.000
164.000, 62.000
713.000, 61.000
700.000, 60.999
687.024, 61.000
674.780, 61.000
662.000, 61.000
649.000, 61.000
636.024, 61.000
624.000, 60.999
611.000, 61.000
598.024, 61.000
585.445, 61.000
573.000, 61.000
560.000, 61.000
547.000, 61.000
534.024, 61.000
522.000, 61.024
509.001, 61.332
496.000, 61.445
483.048, 61.256
470.512, 61.046
458.000, 61.335
151.000, 61.220
138.000, 61.445
125.073, 61.097
113.001, 61.332
100.000, 61.220
87.073, 61.097
74.024, 61.000
62.001, 61.429
49.000, 61.024
36.000, 61.000
23.027, 61.000
10.973, 61.000
522.000, 49.000
509.000, 49.000
496.000, 48.999
483.024, 49.000
470.333, 48.998
458.000, 49.000
445.024, 49.000
432.024, 49.000
419.024, 49.000
406.976, 49.000
394.000, 49.000
381.000, 49.000
368.024, 49.000
355.220, 49.000
343.000, 49.000
330.000, 48.999
317.000, 49.000
304.024, 49.000
291.024, 49.000
279.000, 49.000
266.000, 49.000
253.000, 49.000
240.667, 48.999
227.666, 48.999
215.000, 49.000
202.000, 49.000
189.000, 49.000
176.780, 49.000
164.000, 48.999
151.000, 49.000
138.000, 49.000
125.024, 49.000
112.333, 48.999
100.000, 48.999
87.000, 49.000
74.374, 48.999
62.000, 49.000
49.000, 49.000
36.000, 48.976
23.376, 49.000
11.000, 49.000
712.248, 48.000
700.000, 48.000
687.027, 48.000
674.331, 48.000
661.999, 47.999
648.999, 48.000
636.024, 48.000
624.000, 48.024
611.000, 48.000
598.024, 48.024
585.745, 48.046
573.000, 48.445
560.000, 48.779
547.000, 48.780
534.046, 48.512
649.331, 35.940
611.000, 35.976
598.084, 35.916
585.024, 36.000
572.999, 36.000
559.999, 35.999
547.000, 36.000
534.220, 36.000
521.976, 36.000
508.999, 36.000
495.999, 35.999
483.220, 36.000
470.220, 36.000
457.999, 35.999
445.000, 36.000
432.024, 36.000
419.024, 36.000
406.780, 36.000
393.999, 35.999
380.999, 36.000
368.024, 36.000
355.333, 36.001
342.999, 36.000
329.999, 35.999
316.999, 36.000
304.024, 36.000
291.220, 36.000
278.999, 36.000
265.999, 35.999
253.024, 36.000
240.976, 36.000
227.779, 36.000
215.000, 36.000
201.999, 35.999
188.999, 36.000
176.555, 36.000
163.999, 35.999
151.000, 36.000
138.248, 36.000
125.220, 36.000
113.000, 36.000
99.999, 35.999
87.000, 36.000
74.220, 36.000
61.779, 36.000
49.000, 36.000
36.031, 35.999
23.968, 35.999
11.000, 36.000
712.220, 35.220
700.000, 35.780
687.000, 35.500
674.629, 35.606
662.000, 35.220
636.073, 35.097
623.999, 35.334
699.976, 23.000
687.000, 23.000
674.220, 23.000
662.000, 23.000
649.000, 23.000
636.024, 23.000
623.976, 23.000
611.000, 23.000
598.024, 23.000
585.220, 23.000
573.000, 23.000
560.000, 23.000
547.024, 23.000
534.024, 23.000
522.000, 23.000
509.000, 23.000
496.000, 23.000
483.000, 23.000
470.024, 23.000
458.000, 23.000
445.000, 23.000
432.000, 23.000
419.445, 23.000
406.555, 23.000
394.000, 23.000
381.024, 23.000
368.000, 23.000
355.024, 23.000
342.976, 23.000
330.000, 23.000
317.000, 23.024
304.024, 23.000
291.780, 23.000
279.000, 23.000
266.000, 23.000
253.024, 23.000
240.024, 23.000
227.976, 23.000
215.000, 23.000
202.000, 23.000
189.024, 23.000
176.220, 23.000
163.976, 23.000
151.000, 23.000
138.000, 23.000
125.220, 23.000
113.000, 23.000
100.000, 23.000
87.000, 23.000
74.445, 23.000
62.000, 23.000
49.000, 23.000
36.027, 23.000
23.500, 23.000
10.751, 23.001
712.027, 10.000
699.332, 10.000
687.000, 10.000
674.220, 10.000
661.976, 10.000
649.000, 10.000
636.220, 10.000
623.220, 10.000
610.999, 10.000
598.000, 10.000
585.024, 10.000
572.668, 10.000
559.999, 9.999
546.999, 10.000
534.024, 10.000
521.976, 10.000
509.000, 10.000
495.999, 9.999
482.999, 10.000
470.024, 10.000
458.000, 10.000
445.000, 10.000
431.999, 9.999
419.024, 10.000
406.254, 10.046
394.000, 10.000
381.000, 10.024
368.073, 10.073
355.047, 10.255
342.779, 10.333
330.000, 10.024
317.000, 10.555
304.097, 10.073
291.916, 10.083
278.927, 10.073
266.000, 10.000
253.024, 10.000
240.220, 10.000
228.000, 10.248
214.999, 10.000
202.000, 10.000
189.097, 10.073
176.626, 10.000
163.976, 10.000
150.999, 10.000
138.024, 10.024
125.500, 10.000
112.973, 10.000
100.000, 10.000
74.500, 10.000
62.000, 10.000
49.000, 10.000
36.027, 10.000
24.000, 10.000
10.973, 10.000
572.929, 0.213
560.000, 0.250
496.000, 0.250
470.353, 0.382
457.622, 0.285
406.055, 0.222
368.000, 0.250
342.500, 0.249
329.501, 0.249
316.999, 0.249
304.000, 0.250
291.000, 0.250
265.929, 0.215
253.000, 0.250
227.500, 0.249
202.003, 0.251
