(266.0, 356.0):(0, 0)
(266.0, 343.666):(0, -1)
(278.999, 356.0):(1, 0)
(266.0, 368.999):(0, 1)
(253.0, 356.0):(-1, 0)
(266.0, 331.0):(0, -2)
(279.0, 343.668):(1, -1)
(253.0, 343.027):(-1, -1)
(291.999, 355.999):(2, 0)
(279.0, 369.0):(1, 1)
(266.0, 382.0):(0, 2)
(253.024, 369.0):(-1, 1)
(240.751, 356.0):(-2, 0)
(266.0, 318.0):(0, -3)
(279.0, 331.0):(1, -2)
(253.0, 331.0):(-1, -2)
(292.0, 343.249):(2, -1)
(240.953, 343.627):(-2, -1)
(304.22, 356.0):(3, 0)
(292.0, 368.999):(2, 1)
(278.999, 382.0):(1, 2)
(266.0, 395.0):(0, 3)
(253.22, 382.0):(-1, 2)
(241.0, 369.0):(-2, 1)
(227.999, 355.999):(-3, 0)
(266.0, 305.0):(0, -4)
(278.999, 318.0):(1, -3)
(253.0, 318.0):(-1, -3)
(292.0, 331.0):(2, -2)
(241.0, 331.0):(-2, -2)
(304.333, 343.778):(3, -1)
(228.0, 343.0):(-3, -1)
(317.0, 356.0):(4, 0)
(304.024, 369.0):(3, 1)
(291.999, 381.999):(2, 2)
(279.0, 395.0):(1, 3)
(266.0, 407.0):(0, 4)
(253.0, 395.0):(-1, 3)
(241.0, 382.0):(-2, 2)
(228.0, 368.999):(-3, 1)
(214.999, 356.0):(-4, 0)
(265.999, 291.999):(0, -5)
(279.0, 305.0):(1, -4)
(253.0, 305.0):(-1, -4)
(292.0, 318.0):(2, -3)
(241.0, 318.0):(-2, -3)
(304.22, 331.0):(3, -2)
(228.0, 331.0):(-3, -2)
(317.0, 343.027):(4, -1)
(215.024, 343.0):(-4, -1)
(329.999, 355.999):(5, 0)
(317.0, 369.0):(4, 1)
(304.024, 382.0):(3, 2)
(292.0, 394.976):(2, 3)
(279.0, 407.0):(1, 4)
(265.999, 419.999):(0, 5)
(253.0, 407.0):(-1, 4)
(240.555, 394.665):(-2, 3)
(227.999, 381.999):(-3, 2)
(215.0, 369.0):(-4, 1)
(202.0, 355.999):(-5, 0)
(266.0, 279.78):(0, -6)
(279.0, 292.0):(1, -5)
(253.0, 292.0):(-1, -5)
(292.0, 304.999):(2, -4)
(241.0, 305.0):(-2, -4)
(304.027, 318.0):(3, -3)
(227.999, 317.999):(-3, -3)
(317.0, 331.0):(4, -2)
(215.0, 331.0):(-4, -2)
(330.0, 343.555):(5, -1)
(202.0, 343.0):(-5, -1)
(343.0, 356.0):(6, 0)
(330.0, 369.0):(5, 1)
(317.0, 382.0):(4, 2)
(304.0, 395.0):(3, 3)
(292.0, 407.0):(2, 4)
(278.999, 420.0):(1, 5)
(266.0, 433.0):(0, 6)
(252.999, 420.0):(-1, 5)
(241.0, 407.0):(-2, 4)
(228.36, 394.187):(-3, 3)
(214.999, 382.0):(-4, 2)
(202.0, 369.0):(-5, 1)
(189.024, 356.0):(-6, 0)
(266.0, 267.0):(0, -7)
(279.0, 279.955):(1, -6)
(253.0, 279.668):(-1, -6)
(292.0, 292.0):(2, -5)
(241.0, 292.0):(-2, -5)
(304.0, 305.0):(3, -4)
(228.0, 305.0):(-3, -4)
(317.0, 318.0):(4, -3)
(214.999, 318.0):(-4, -3)
(330.0, 331.0):(5, -2)
(202.0, 330.779):(-5, -2)
(343.0, 343.555):(6, -1)
(189.024, 343.0):(-6, -1)
(356.0, 356.0):(7, 0)
(343.0, 369.0):(6, 1)
(330.0, 382.0):(5, 2)
(317.0, 395.0):(4, 3)
(304.024, 407.0):(3, 4)
(291.999, 419.999):(2, 5)
(279.0, 433.0):(1, 6)
(265.999, 446.0):(0, 7)
(253.0, 433.0):(-1, 6)
(240.22, 420.0):(-2, 5)
(228.0, 407.0):(-3, 4)
(215.0, 394.445):(-4, 3)
(202.0, 382.0):(-5, 2)
(189.024, 369.0):(-6, 1)
(176.445, 356.0):(-7, 0)
(266.0, 254.0):(0, -8)
(279.0, 267.0):(1, -7)
(253.0, 267.0):(-1, -7)
(292.0, 279.976):(2, -6)
(240.998, 279.666):(-2, -6)
(304.027, 292.0):(3, -5)
(227.999, 291.999):(-3, -5)
(317.0, 305.0):(4, -4)
(215.0, 305.0):(-4, -4)
(330.0, 318.0):(5, -3)
(202.024, 318.0):(-5, -3)
(343.0, 331.0):(6, -2)
(189.046, 330.488):(-6, -2)
(356.0, 343.0):(7, -1)
(176.445, 343.0):(-7, -1)
(368.0, 356.0):(8, 0)
(356.0, 368.999):(7, 1)
(342.999, 382.0):(6, 2)
(330.0, 395.0):(5, 3)
(317.0, 407.0):(4, 4)
(303.999, 419.999):(3, 5)
(292.0, 432.999):(2, 6)
(278.999, 446.0):(1, 7)
(266.0, 458.0):(0, 8)
(253.024, 446.0):(-1, 7)
(240.78, 433.0):(-2, 6)
(227.999, 419.999):(-3, 5)
(215.0, 407.0):(-4, 4)
(202.0, 394.22):(-5, 3)
(189.024, 382.0):(-6, 2)
(176.445, 369.0):(-7, 1)
(163.999, 355.999):(-8, 0)
(266.0, 241.0):(0, -9)
(279.0, 254.0):(1, -8)
(253.0, 254.0):(-1, -8)
(292.0, 267.0):(2, -7)
(241.0, 267.0):(-2, -7)
(304.255, 279.953):(3, -6)
(228.0, 279.22):(-3, -6)
(316.999, 292.0):(4, -5)
(215.0, 292.0):(-4, -5)
(330.0, 305.0):(5, -4)
(202.024, 305.0):(-5, -4)
(343.0, 318.0):(6, -3)
(189.024, 318.0):(-6, -3)
(356.0, 331.0):(7, -2)
(176.561, 330.097):(-7, -2)
(367.998, 343.666):(8, -1)
(164.0, 343.0):(-8, -1)
(380.999, 356.0):(9, 0)
(368.22, 369.0):(8, 1)
(355.999, 381.999):(7, 2)
(343.0, 395.0):(6, 3)
(330.0, 407.024):(5, 4)
(316.999, 420.0):(4, 5)
(304.0, 432.999):(3, 6)
(291.999, 446.0):(2, 7)
(279.0, 458.024):(1, 8)
(266.0, 471.0):(0, 9)
(252.999, 458.0):(-1, 8)
(240.22, 446.0):(-2, 7)
(228.0, 432.999):(-3, 6)
(214.999, 420.0):(-4, 5)
(202.0, 407.0):(-5, 4)
(189.024, 394.0):(-6, 3)
(176.999, 382.0):(-7, 2)
(164.0, 369.0):(-8, 1)
(151.0, 356.0):(-9, 0)
(266.0, 228.0):(0, -10)
(279.0, 241.0):(1, -9)
(253.0, 241.0):(-1, -9)
(292.0, 254.0):(2, -8)
(241.0, 254.0):(-2, -8)
(304.5, 267.0):(3, -7)
(228.0, 267.0):(-3, -7)
(317.0, 279.976):(4, -6)
(215.0, 279.024):(-4, -6)
(330.0, 292.024):(5, -5)
(201.999, 291.999):(-5, -5)
(343.0, 305.0):(6, -4)
(189.0, 305.0):(-6, -4)
(356.0, 318.0):(7, -3)
(176.668, 317.999):(-7, -3)
(368.0, 331.0):(8, -2)
(164.0, 330.024):(-8, -2)
(381.001, 343.376):(9, -1)
(151.0, 343.0):(-9, -1)
(393.999, 355.999):(10, 0)
(381.0, 369.0):(9, 1)
(367.999, 381.999):(8, 2)
(356.0, 395.0):(7, 3)
(343.0, 407.0):(6, 4)
(330.024, 420.0):(5, 5)
(317.0, 433.0):(4, 6)
(304.22, 446.0):(3, 7)
(291.999, 457.999):(2, 8)
(279.0, 471.0):(1, 9)
(265.999, 483.999):(0, 10)
(253.024, 471.0):(-1, 9)
(239.999, 457.999):(-2, 8)
(228.0, 445.976):(-3, 7)
(215.0, 433.0):(-4, 6)
(201.999, 419.999):(-5, 5)
(189.024, 407.0):(-6, 4)
(177.0, 394.0):(-7, 3)
(163.999, 381.999):(-8, 2)
(151.0, 369.0):(-9, 1)
(138.024, 356.0):(-10, 0)
(266.0, 215.78):(0, -11)
(279.0, 228.0):(1, -10)
(253.0, 228.0):(-1, -10)
(292.0, 241.0):(2, -9)
(241.0, 241.0):(-2, -9)
(304.973, 254.0):(3, -8)
(227.999, 253.999):(-3, -8)
(317.0, 267.0):(4, -7)
(215.0, 267.0):(-4, -7)
(330.0, 279.976):(5, -6)
(202.0, 279.024):(-5, -6)
(343.0, 292.0):(6, -5)
(189.22, 292.0):(-6, -5)
(356.0, 304.998):(7, -4)
(176.976, 305.0):(-7, -4)
(368.0, 318.0):(8, -3)
(163.999, 317.999):(-8, -3)
(381.0, 331.0):(9, -2)
(151.0, 330.0):(-9, -2)
(394.0, 343.555):(10, -1)
(138.024, 343.0):(-10, -1)
(407.0, 356.0):(11, 0)
(394.0, 369.0):(10, 1)
(381.024, 382.0):(9, 2)
(368.0, 395.0):(8, 3)
(356.0, 407.0):(7, 4)
(343.0, 420.0):(6, 5)
(330.0, 433.0):(5, 6)
(317.024, 446.0):(4, 7)
(304.0, 458.555):(3, 8)
(292.0, 471.0):(2, 9)
(278.999, 484.0):(1, 10)
(266.0, 497.0):(0, 11)
(253.22, 484.0):(-1, 10)
(240.024, 471.0):(-2, 9)
(228.36, 457.639):(-3, 8)
(215.0, 445.976):(-4, 7)
(202.0, 433.0):(-5, 6)
(189.024, 420.0):(-6, 5)
(176.22, 407.0):(-7, 4)
(164.0, 393.999):(-8, 3)
(151.0, 381.666):(-9, 2)
(138.024, 369.0):(-10, 1)
(125.024, 356.0):(-11, 0)
(266.0, 203.0):(0, -12)
(279.0, 215.5):(1, -11)
(253.0, 215.249):(-1, -11)
(292.0, 228.0):(2, -10)
(241.0, 228.0):(-2, -10)
(304.037, 241.0):(3, -9)
(228.0, 241.0):(-3, -9)
(317.0, 254.0):(4, -8)
(214.999, 254.0):(-4, -8)
(330.0, 267.0):(5, -7)
(202.0, 267.0):(-5, -7)
(343.0, 280.0):(6, -6)
(189.0, 279.0):(-6, -6)
(355.927, 291.927):(7, -5)
(176.78, 292.0):(-7, -5)
(368.0, 305.0):(8, -4)
(164.0, 305.0):(-8, -4)
(381.0, 318.0):(9, -3)
(151.0, 318.0):(-9, -3)
(394.0, 331.0):(10, -2)
(137.999, 330.0):(-10, -2)
(407.0, 343.0):(11, -1)
(125.22, 343.0):(-11, -1)
(419.665, 355.999):(12, 0)
(407.0, 369.0):(11, 1)
(394.0, 382.0):(10, 2)
(381.0, 395.0):(9, 3)
(368.0, 407.0):(8, 4)
(355.22, 420.0):(7, 5)
(343.0, 433.0):(6, 6)
(329.999, 446.0):(5, 7)
(317.024, 458.0):(4, 8)
(304.024, 471.0):(3, 9)
(291.999, 483.999):(2, 10)
(279.0, 497.0):(1, 11)
(266.073, 509.097):(0, 12)
(253.0, 497.0):(-1, 11)
(240.024, 484.0):(-2, 10)
(228.0, 471.0):(-3, 9)
(215.0, 458.0):(-4, 8)
(202.0, 445.445):(-5, 7)
(189.0, 433.0):(-6, 6)
(176.024, 420.0):(-7, 5)
(164.0, 407.0):(-8, 4)
(151.0, 394.0):(-9, 3)
(138.073, 381.073):(-10, 2)
(125.024, 369.0):(-11, 1)
(112.976, 356.0):(-12, 0)
(266.0, 190.0):(0, -13)
(279.0, 203.0):(1, -12)
(253.0, 203.0):(-1, -12)
(292.0, 215.976):(2, -11)
(240.998, 215.666):(-2, -11)
(304.249, 228.0):(3, -10)
(227.999, 228.0):(-3, -10)
(317.0, 241.0):(4, -9)
(215.0, 241.0):(-4, -9)
(330.0, 254.0):(5, -8)
(202.0, 254.0):(-5, -8)
(343.0, 267.0):(6, -7)
(189.0, 267.0):(-6, -7)
(356.0, 279.917):(7, -6)
(176.445, 279.0):(-7, -6)
(368.0, 292.0):(8, -5)
(163.999, 291.999):(-8, -5)
(381.0, 305.0):(9, -4)
(151.0, 305.0):(-9, -4)
(393.999, 318.0):(10, -3)
(138.22, 318.0):(-10, -3)
(407.0, 331.0):(11, -2)
(125.22, 330.0):(-11, -2)
(419.278, 343.745):(12, -1)
(112.667, 342.999):(-12, -1)
(432.0, 356.0):(13, 0)
(419.333, 369.001):(12, 1)
(406.999, 382.0):(11, 2)
(394.0, 395.0):(10, 3)
(381.0, 407.0):(9, 4)
(367.999, 419.999):(8, 5)
(355.333, 433.001):(7, 6)
(342.999, 446.0):(6, 7)
(330.0, 458.22):(5, 8)
(317.0, 471.0):(4, 9)
(303.999, 483.999):(3, 10)
(291.976, 497.0):(2, 11)
(279.0, 509.024):(1, 12)
(266.0, 522.0):(0, 13)
(253.0, 509.024):(-1, 12)
(240.0, 497.0):(-2, 11)
(227.999, 483.999):(-3, 10)
(215.0, 471.0):(-4, 9)
(202.0, 458.0):(-5, 8)
(189.048, 445.256):(-6, 7)
(176.973, 433.0):(-7, 6)
(163.999, 419.999):(-8, 5)
(151.0, 407.0):(-9, 4)
(138.024, 394.0):(-10, 3)
(125.046, 381.488):(-11, 2)
(112.976, 369.0):(-12, 1)
(99.999, 355.999):(-13, 0)
(266.0, 177.0):(0, -14)
(279.0, 190.0):(1, -13)
(253.0, 190.0):(-1, -13)
(292.0, 203.0):(2, -12)
(240.5, 203.0):(-2, -12)
(305.0, 215.5):(3, -11)
(228.0, 215.555):(-3, -11)
(317.0, 228.0):(4, -10)
(215.0, 228.0):(-4, -10)
(330.0, 241.0):(5, -9)
(202.0, 241.0):(-5, -9)
(342.999, 254.0):(6, -8)
(189.024, 254.0):(-6, -8)
(356.0, 267.0):(7, -7)
(176.555, 267.0):(-7, -7)
(368.0, 280.0):(8, -6)
(164.0, 279.0):(-8, -6)
(381.488, 292.046):(9, -5)
(151.0, 292.0):(-9, -5)
(394.0, 304.999):(10, -4)
(138.024, 305.0):(-10, -4)
(406.999, 318.0):(11, -3)
(125.073, 317.903):(-11, -3)
(419.555, 331.0):(12, -2)
(112.78, 330.0):(-12, -2)
(431.998, 343.666):(13, -1)
(100.0, 343.0):(-13, -1)
(444.999, 356.0):(14, 0)
(432.0, 368.999):(13, 1)
(419.024, 382.0):(12, 2)
(407.0, 395.0):(11, 3)
(394.0, 407.0):(10, 4)
(380.999, 420.0):(9, 5)
(368.0, 432.999):(8, 6)
(355.22, 446.0):(7, 7)
(342.999, 458.333):(6, 8)
(330.0, 471.0):(5, 9)
(316.999, 484.0):(4, 10)
(304.024, 497.0):(3, 11)
(291.666, 509.554):(2, 12)
(278.999, 522.0):(1, 13)
(266.0, 535.0):(0, 14)
(253.024, 522.0):(-1, 13)
(240.94, 509.331):(-2, 12)
(228.0, 497.0):(-3, 11)
(214.999, 484.0):(-4, 10)
(202.0, 471.0):(-5, 9)
(189.024, 458.0):(-6, 8)
(176.0, 445.22):(-7, 7)
(164.0, 433.0):(-8, 6)
(150.999, 420.0):(-9, 5)
(138.024, 407.0):(-10, 4)
(125.22, 394.0):(-11, 3)
(113.0, 381.024):(-12, 2)
(100.0, 368.78):(-13, 1)
(87.0, 356.0):(-14, 0)
(265.999, 163.999):(0, -15)
(279.0, 177.0):(1, -14)
(253.0, 177.0):(-1, -14)
(292.0, 190.0):(2, -13)
(240.625, 190.0):(-2, -13)
(304.0, 203.0):(3, -12)
(228.0, 203.0):(-3, -12)
(317.0, 215.973):(4, -11)
(215.0, 215.445):(-4, -11)
(330.0, 228.024):(5, -10)
(201.999, 227.999):(-5, -10)
(343.0, 241.0):(6, -9)
(189.024, 241.0):(-6, -9)
(356.0, 254.0):(7, -8)
(177.0, 254.0):(-7, -8)
(164.0, 266.555):(-8, -7)
(381.0, 280.0):(9, -6)
(151.024, 279.0):(-9, -6)
(394.0, 292.22):(10, -5)
(138.024, 292.0):(-10, -5)
(407.0, 305.0):(11, -4)
(125.024, 305.0):(-11, -4)
(420.0, 318.0):(12, -3)
(113.0, 317.78):(-12, -3)
(432.0, 331.0):(13, -2)
(99.999, 329.999):(-13, -2)
(445.0, 343.249):(14, -1)
(87.0, 343.0):(-14, -1)
(458.0, 356.0):(15, 0)
(445.0, 369.0):(14, 1)
(432.024, 382.0):(13, 2)
(419.333, 395.0):(12, 3)
(407.0, 407.024):(11, 4)
(393.999, 419.999):(10, 5)
(381.0, 433.0):(9, 6)
(368.024, 446.0):(8, 7)
(355.999, 457.999):(7, 8)
(343.0, 471.0):(6, 9)
(329.999, 483.999):(5, 10)
(317.0, 497.0):(4, 11)
(304.0, 509.555):(3, 12)
(291.22, 522.0):(2, 13)
(279.0, 535.0):(1, 14)
(253.024, 535.0):(-1, 14)
(240.5, 522.0):(-2, 13)
(228.0, 509.0):(-3, 12)
(215.0, 497.0):(-4, 11)
(201.999, 484.0):(-5, 10)
(189.0, 471.0):(-6, 9)
(176.024, 458.0):(-7, 8)
(164.0, 445.024):(-8, 7)
(151.0, 433.0):(-9, 6)
(138.024, 420.0):(-10, 5)
(125.22, 407.0):(-11, 4)
(112.973, 394.0):(-12, 3)
(100.0, 381.0):(-13, 2)
(87.0, 368.024):(-14, 1)
(74.22, 356.0):(-15, 0)
(266.0, 151.22):(0, -16)
(279.0, 164.024):(1, -15)
(253.0, 164.0):(-1, -15)
(292.0, 176.999):(2, -14)
(241.0, 177.0):(-2, -14)
(304.248, 190.0):(3, -13)
(227.999, 189.999):(-3, -13)
(317.0, 203.0):(4, -12)
(215.0, 203.0):(-4, -12)
(330.0, 215.625):(5, -11)
(202.0, 215.024):(-5, -11)
(343.0, 228.0):(6, -10)
(188.999, 228.0):(-6, -10)
(356.0, 241.0):(7, -9)
(176.22, 241.0):(-7, -9)
(367.999, 253.999):(8, -8)
(163.999, 253.999):(-8, -8)
(151.0, 266.22):(-9, -7)
(381.0, 267.0):(9, -7)
(393.999, 279.999):(10, -6)
(138.0, 279.0):(-10, -6)
(406.999, 292.0):(11, -5)
(125.22, 292.0):(-11, -5)
(419.333, 305.001):(12, -4)
(113.0, 305.0):(-12, -4)
(432.0, 318.0):(13, -3)
(100.0, 317.024):(-13, -3)
(445.0, 331.0):(14, -2)
(458.0, 343.555):(15, -1)
(74.024, 343.0):(-15, -1)
(471.0, 356.0):(16, 0)
(458.0, 369.0):(15, 1)
(445.024, 382.0):(14, 2)
(432.0, 395.0):(13, 3)
(419.22, 407.0):(12, 4)
(406.999, 420.0):(11, 5)
(394.0, 433.0):(10, 6)
(381.0, 446.0):(9, 7)
(368.047, 458.254):(8, 8)
(355.78, 471.0):(7, 9)
(343.0, 484.0):(6, 10)
(330.0, 497.0):(5, 11)
(317.073, 509.097):(4, 12)
(304.248, 522.0):(3, 13)
(291.333, 535.0):(2, 14)
(240.024, 535.0):(-2, 14)
(227.976, 522.0):(-3, 13)
(215.0, 509.0):(-4, 12)
(202.0, 496.976):(-5, 11)
(189.024, 484.0):(-6, 10)
(176.22, 471.0):(-7, 9)
(163.999, 457.999):(-8, 8)
(151.0, 445.0):(-9, 7)
(137.999, 432.666):(-10, 6)
(125.024, 420.0):(-11, 5)
(113.0, 407.0):(-12, 4)
(99.999, 393.999):(-13, 3)
(87.0, 381.0):(-14, 2)
(74.248, 368.0):(-15, 1)
(61.024, 356.0):(-16, 0)
(266.0, 139.0):(0, -17)
(279.0, 151.024):(1, -16)
(252.998, 151.666):(-1, -16)
(291.999, 163.999):(2, -15)
(240.78, 164.0):(-2, -15)
(304.024, 177.0):(3, -14)
(228.0, 176.999):(-3, -14)
(317.0, 190.0):(4, -13)
(214.999, 190.0):(-4, -13)
(330.0, 203.0):(5, -12)
(202.0, 203.0):(-5, -12)
(343.0, 215.0):(6, -11)
(189.22, 215.0):(-6, -11)
(356.0, 228.0):(7, -10)
(176.331, 228.0):(-7, -10)
(368.0, 241.0):(8, -9)
(164.0, 240.999):(-8, -9)
(381.0, 254.0):(9, -8)
(150.999, 254.0):(-9, -8)
(138.024, 266.0):(-10, -7)
(394.0, 267.0):(10, -7)
(407.0, 280.0):(11, -6)
(125.555, 279.0):(-11, -6)
(420.0, 292.0):(12, -5)
(112.999, 292.0):(-12, -5)
(432.0, 305.0):(13, -4)
(100.0, 304.999):(-13, -4)
(445.0, 318.0):(14, -3)
(87.0, 317.0):(-14, -3)
(458.0, 331.0):(15, -2)
(471.0, 343.024):(16, -1)
(74.22, 330.0):(-15, -2)
(61.024, 343.0):(-16, -1)
(483.024, 356.0):(17, 0)
(471.0, 369.0):(16, 1)
(458.0, 382.0):(15, 2)
(445.0, 395.0):(14, 3)
(432.0, 407.22):(13, 4)
(419.332, 420.0):(12, 5)
(407.0, 433.0):(11, 6)
(394.0, 446.0):(10, 7)
(381.0, 458.555):(9, 8)
(368.0, 471.0):(8, 9)
(355.024, 484.0):(7, 10)
(343.0, 497.0):(6, 11)
(330.0, 509.445):(5, 12)
(316.999, 522.0):(4, 13)
(304.0, 534.999):(3, 14)
(228.0, 535.0):(-3, 14)
(214.999, 522.0):(-4, 13)
(202.0, 508.999):(-5, 12)
(189.0, 496.555):(-6, 11)
(176.024, 484.0):(-7, 10)
(164.0, 471.0):(-8, 9)
(150.999, 458.0):(-9, 8)
(138.0, 444.999):(-10, 7)
(125.129, 432.129):(-11, 6)
(112.999, 420.0):(-12, 5)
(100.0, 407.0):(-13, 4)
(86.999, 394.0):(-14, 3)
(75.0, 381.0):(-15, 2)
(61.374, 368.0):(-16, 1)
(48.953, 355.371):(-17, 0)
(266.0, 126.0):(0, -18)
(279.0, 139.0):(1, -17)
(253.024, 139.0):(-1, -17)
(291.999, 151.334):(2, -16)
(240.903, 151.073):(-2, -16)
(304.22, 164.0):(3, -15)
(227.999, 163.999):(-3, -15)
(317.0, 177.0):(4, -14)
(215.0, 177.0):(-4, -14)
(330.0, 190.0):(5, -13)
(202.0, 190.0):(-5, -13)
(343.0, 203.0):(6, -12)
(189.024, 203.0):(-6, -12)
(356.0, 215.976):(7, -11)
(176.22, 215.0):(-7, -11)
(368.0, 228.024):(8, -10)
(163.999, 227.999):(-8, -10)
(381.0, 241.0):(9, -9)
(151.0, 241.0):(-9, -9)
(394.0, 254.0):(10, -8)
(138.024, 254.0):(-10, -8)
(125.048, 266.255):(-11, -7)
(407.0, 267.0):(11, -7)
(419.512, 279.954):(12, -6)
(113.0, 279.0):(-12, -6)
(432.0, 292.0):(13, -5)
(99.999, 291.999):(-13, -5)
(445.0, 305.0):(14, -4)
(87.0, 305.0):(-14, -4)
(458.0, 318.0):(15, -3)
(75.0, 317.0):(-15, -3)
(471.0, 331.0):(16, -2)
(483.0, 343.0):(17, -1)
(61.973, 330.0):(-16, -2)
(49.0, 343.0):(-17, -1)
(495.999, 355.999):(18, 0)
(483.0, 369.0):(17, 1)
(470.999, 382.0):(16, 2)
(458.0, 394.78):(15, 3)
(445.0, 407.0):(14, 4)
(431.999, 419.999):(13, 5)
(419.555, 433.0):(12, 6)
(406.999, 446.0):(11, 7)
(394.0, 458.779):(10, 8)
(381.0, 471.0):(9, 9)
(368.024, 484.0):(8, 10)
(355.024, 497.0):(7, 11)
(343.0, 509.78):(6, 12)
(329.999, 522.0):(5, 13)
(317.0, 535.0):(4, 14)
(215.0, 535.0):(-4, 14)
(202.0, 522.0):(-5, 13)
(189.0, 509.0):(-6, 12)
(176.073, 496.097):(-7, 11)
(163.999, 483.999):(-8, 10)
(151.0, 471.0):(-9, 9)
(138.024, 458.0):(-10, 8)
(125.22, 445.0):(-11, 7)
(113.0, 432.027):(-12, 6)
(100.0, 419.78):(-13, 5)
(87.0, 407.0):(-14, 4)
(74.024, 394.0):(-15, 3)
(61.22, 381.0):(-16, 2)
(48.999, 368.0):(-17, 1)
(36.0, 355.027):(-18, 0)
(266.0, 113.0):(0, -19)
(278.999, 126.0):(1, -18)
(253.024, 126.0):(-1, -18)
(292.0, 139.0):(2, -17)
(240.024, 139.0):(-2, -17)
(304.073, 151.073):(3, -16)
(228.0, 151.0):(-3, -16)
(316.999, 164.0):(4, -15)
(214.999, 164.0):(-4, -15)
(330.0, 177.0):(5, -14)
(202.0, 177.0):(-5, -14)
(342.999, 190.0):(6, -13)
(189.024, 190.0):(-6, -13)
(356.0, 203.0):(7, -12)
(176.903, 202.927):(-7, -12)
(367.998, 215.666):(8, -11)
(164.0, 215.0):(-8, -11)
(380.999, 228.0):(9, -10)
(151.027, 228.0):(-9, -10)
(394.0, 241.0):(10, -9)
(138.024, 241.0):(-10, -9)
(406.999, 254.0):(11, -8)
(125.024, 254.0):(-11, -8)
(112.78, 266.0):(-12, -7)
(420.0, 267.0):(12, -7)
(432.0, 279.555):(13, -6)
(100.0, 279.0):(-13, -6)
(444.999, 292.0):(14, -5)
(87.0, 292.0):(-14, -5)
(458.0, 305.0):(15, -4)
(74.046, 304.512):(-15, -4)
(471.0, 318.0):(16, -3)
(61.445, 317.0):(-16, -3)
(483.22, 331.0):(17, -2)
(496.0, 343.22):(18, -1)
(48.976, 330.0):(-17, -2)
(36.0, 343.0):(-18, -1)
(508.999, 356.0):(19, 0)
(496.0, 368.999):(18, 1)
(483.024, 382.0):(17, 2)
(471.0, 394.78):(16, 3)
(458.0, 407.0):(15, 4)
(444.999, 420.0):(14, 5)
(432.0, 432.999):(13, 6)
(419.976, 446.0):(12, 7)
(407.0, 458.555):(11, 8)
(394.0, 471.0):(10, 9)
(380.999, 484.0):(9, 10)
(368.024, 497.0):(8, 11)
(355.22, 510.0):(7, 12)
(342.999, 522.0):(6, 13)
(330.0, 534.999):(5, 14)
(202.0, 535.0):(-5, 14)
(189.027, 522.0):(-6, 13)
(176.445, 509.0):(-7, 12)
(164.0, 496.024):(-8, 11)
(150.999, 484.0):(-9, 10)
(138.0, 471.0):(-10, 9)
(125.376, 458.0):(-11, 8)
(112.976, 445.0):(-12, 7)
(100.0, 432.0):(-13, 6)
(87.001, 419.333):(-14, 5)
(74.0, 407.0):(-15, 4)
(61.22, 394.0):(-16, 3)
(49.0, 381.0):(-17, 2)
(35.999, 367.999):(-18, 1)
(23.0, 355.032):(-19, 0)
(265.999, 99.999):(0, -20)
(279.0, 113.0):(1, -19)
(253.0, 113.0):(-1, -19)
(291.999, 125.999):(2, -18)
(240.024, 126.0):(-2, -18)
(304.024, 139.0):(3, -17)
(228.0, 139.0):(-3, -17)
(317.0, 151.445):(4, -16)
(215.0, 151.024):(-4, -16)
(329.999, 163.999):(5, -15)
(201.999, 163.999):(-5, -15)
(343.0, 177.0):(6, -14)
(189.024, 177.0):(-6, -14)
(356.0, 190.0):(7, -13)
(176.22, 190.0):(-7, -13)
(368.0, 203.0):(8, -12)
(164.0, 202.445):(-8, -12)
(381.0, 215.624):(9, -11)
(151.0, 215.0):(-9, -11)
(394.0, 228.0):(10, -10)
(137.999, 227.999):(-10, -10)
(407.0, 241.0):(11, -9)
(125.024, 241.0):(-11, -9)
(419.973, 254.0):(12, -8)
(112.976, 254.0):(-12, -8)
(99.999, 265.999):(-13, -7)
(432.0, 267.0):(13, -7)
(445.0, 279.555):(14, -6)
(87.917, 279.0):(-14, -6)
(457.999, 291.999):(15, -5)
(74.024, 292.0):(-15, -5)
(471.0, 305.0):(16, -4)
(61.948, 304.289):(-16, -4)
(482.999, 318.0):(17, -3)
(49.0, 317.0):(-17, -3)
(496.0, 331.0):(18, -2)
(509.0, 343.0):(19, -1)
(35.999, 329.999):(-18, -2)
(23.0, 343.0):(-19, -1)
(521.999, 355.999):(20, 0)
(509.0, 369.0):(19, 1)
(495.999, 381.999):(18, 2)
(483.0, 394.555):(17, 3)
(471.0, 407.0):(16, 4)
(457.999, 419.999):(15, 5)
(445.0, 433.0):(14, 6)
(432.024, 446.0):(13, 7)
(419.446, 458.333):(12, 8)
(407.0, 471.0):(11, 9)
(393.999, 484.0):(10, 10)
(381.0, 497.0):(9, 11)
(368.0, 509.78):(8, 12)
(355.22, 522.0):(7, 13)
(343.0, 535.0):(6, 14)
(189.0, 535.0):(-6, 14)
(176.22, 522.0):(-7, 13)
(164.0, 509.0):(-8, 12)
(151.0, 496.0):(-9, 11)
(138.248, 484.0):(-10, 10)
(125.22, 471.0):(-11, 9)
(112.976, 458.0):(-12, 8)
(100.0, 444.999):(-13, 7)
(87.0, 432.0):(-14, 6)
(74.968, 419.968):(-15, 5)
(61.22, 407.0):(-16, 4)
(49.0, 394.0):(-17, 3)
(36.0, 380.999):(-18, 2)
(23.0, 368.0):(-19, 1)
(10.973, 355.0):(-20, 0)
(266.027, 87.027):(0, -21)
(279.0, 100.0):(1, -20)
(253.024, 100.0):(-1, -20)
(292.0, 112.999):(2, -19)
(240.555, 113.0):(-2, -19)
(304.024, 126.0):(3, -18)
(227.999, 125.999):(-3, -18)
(317.0, 139.0):(4, -17)
(215.0, 139.0):(-4, -17)
(330.0, 151.445):(5, -16)
(202.0, 151.0):(-5, -16)
(343.0, 164.024):(6, -15)
(189.024, 164.0):(-6, -15)
(356.0, 177.0):(7, -14)
(176.555, 177.0):(-7, -14)
(368.0, 190.0):(8, -13)
(163.999, 189.999):(-8, -13)
(381.0, 203.0):(9, -12)
(151.0, 203.0):(-9, -12)
(394.0, 215.555):(10, -11)
(138.0, 215.0):(-10, -11)
(407.0, 228.024):(11, -10)
(125.024, 228.0):(-11, -10)
(420.0, 241.0):(12, -9)
(113.0, 241.0):(-12, -9)
(431.999, 253.999):(13, -8)
(100.0, 253.22):(-13, -8)
(87.024, 266.0):(-14, -7)
(445.0, 267.0):(14, -7)
(458.0, 279.0):(15, -6)
(74.22, 279.0):(-15, -6)
(471.0, 292.0):(16, -5)
(61.22, 292.0):(-16, -5)
(483.22, 305.0):(17, -4)
(48.973, 304.0):(-17, -4)
(496.024, 318.0):(18, -3)
(36.0, 316.999):(-18, -3)
(509.0, 330.976):(19, -2)
(522.0, 343.0):(20, -1)
(23.0, 330.0):(-19, -2)
(10.36, 342.889):(-20, -1)
(534.999, 356.0):(21, 0)
(522.024, 369.0):(20, 1)
(509.0, 382.0):(19, 2)
(496.0, 394.668):(18, 3)
(483.024, 407.0):(17, 4)
(470.999, 420.0):(16, 5)
(458.0, 433.0):(15, 6)
(445.0, 446.0):(14, 7)
(432.0, 458.555):(13, 8)
(419.0, 471.0):(12, 9)
(407.0, 484.0):(11, 10)
(394.0, 497.0):(10, 11)
(381.073, 509.927):(9, 12)
(367.999, 521.999):(8, 13)
(355.445, 535.0):(7, 14)
(176.024, 535.0):(-7, 14)
(163.999, 521.999):(-8, 13)
(151.0, 509.0):(-9, 12)
(137.999, 495.999):(-10, 11)
(125.42, 483.447):(-11, 10)
(112.751, 471.0):(-12, 9)
(99.999, 457.999):(-13, 8)
(87.0, 445.0):(-14, 7)
(74.027, 432.0):(-15, 6)
(61.5, 419.0):(-16, 5)
(49.0, 407.0):(-17, 4)
(36.0, 394.0):(-18, 3)
(23.037, 381.0):(-19, 2)
(10.374, 368.0):(-20, 1)
(266.0, 74.22):(0, -22)
(279.0, 87.445):(1, -21)
(253.0, 87.555):(-1, -21)
(291.999, 99.999):(2, -20)
(240.024, 100.0):(-2, -20)
(304.024, 113.0):(3, -19)
(228.0, 112.999):(-3, -19)
(317.0, 126.0):(4, -18)
(214.999, 126.0):(-4, -18)
(330.0, 139.0):(5, -17)
(202.0, 139.0):(-5, -17)
(343.0, 151.445):(6, -16)
(189.024, 151.0):(-6, -16)
(356.0, 164.248):(7, -15)
(176.331, 164.0):(-7, -15)
(368.024, 177.0):(8, -14)
(164.0, 176.999):(-8, -14)
(381.0, 190.0):(9, -13)
(150.999, 190.0):(-9, -13)
(394.0, 203.0):(10, -12)
(138.0, 202.0):(-10, -12)
(407.0, 215.626):(11, -11)
(125.22, 215.0):(-11, -11)
(419.555, 228.0):(12, -10)
(112.976, 228.0):(-12, -10)
(432.0, 240.999):(13, -9)
(100.0, 240.999):(-13, -9)
(445.0, 254.0):(14, -8)
(87.0, 253.0):(-14, -8)
(74.024, 266.0):(-15, -7)
(458.0, 267.0):(15, -7)
(471.0, 279.555):(16, -6)
(61.973, 279.0):(-16, -6)
(483.0, 292.0):(17, -5)
(48.666, 292.001):(-17, -5)
(496.0, 304.999):(18, -4)
(36.0, 304.024):(-18, -4)
(508.999, 318.0):(19, -3)
(23.0, 317.0):(-19, -3)
(522.0, 330.555):(20, -2)
(535.0, 343.0):(21, -1)
(10.5, 330.0):(-20, -2)
(547.22, 356.0):(22, 0)
(535.0, 369.0):(21, 1)
(522.0, 382.0):(20, 2)
(509.0, 394.555):(19, 3)
(496.0, 407.0):(18, 4)
(483.0, 420.0):(17, 5)
(471.0, 433.0):(16, 6)
(457.999, 446.0):(15, 7)
(444.999, 458.668):(14, 8)
(432.0, 471.0):(13, 9)
(419.22, 484.0):(12, 10)
(407.0, 497.0):(11, 11)
(394.0, 509.976):(10, 12)
(380.999, 522.0):(9, 13)
(368.024, 535.0):(8, 14)
(164.0, 535.0):(-8, 14)
(150.999, 522.0):(-9, 13)
(138.0, 509.0):(-10, 12)
(125.024, 496.0):(-11, 11)
(112.976, 483.024):(-12, 10)
(100.0, 471.0):(-13, 9)
(86.999, 458.0):(-14, 8)
(74.027, 445.0):(-15, 7)
(61.22, 432.0):(-16, 6)
(49.0, 419.024):(-17, 5)
(36.0, 406.22):(-18, 4)
(23.027, 394.0):(-19, 3)
(10.751, 381.001):(-20, 2)
(266.0, 62.0):(0, -23)
(279.0, 74.669):(1, -22)
(253.0, 74.555):(-1, -22)
(292.0, 87.0):(2, -21)
(240.073, 87.073):(-2, -21)
(304.024, 100.0):(3, -20)
(227.999, 99.999):(-3, -20)
(317.0, 113.0):(4, -19)
(215.0, 113.0):(-4, -19)
(330.0, 126.0):(5, -18)
(202.0, 126.0):(-5, -18)
(343.0, 139.0):(6, -17)
(189.047, 138.278):(-6, -17)
(356.0, 151.78):(7, -16)
(177.0, 151.0):(-7, -16)
(367.999, 163.999):(8, -15)
(163.999, 163.999):(-8, -15)
(381.22, 177.0):(9, -14)
(151.0, 177.0):(-9, -14)
(394.0, 190.0):(10, -13)
(137.999, 190.0):(-10, -13)
(407.0, 203.0):(11, -12)
(125.024, 202.0):(-11, -12)
(419.948, 215.315):(12, -11)
(112.555, 215.0):(-12, -11)
(431.999, 227.999):(13, -10)
(99.999, 227.999):(-13, -10)
(445.0, 241.0):(14, -9)
(87.0, 241.0):(-14, -9)
(458.0, 254.0):(15, -8)
(74.374, 252.999):(-15, -8)
(61.973, 266.0):(-16, -7)
(471.0, 267.0):(16, -7)
(483.073, 279.073):(17, -6)
(48.78, 279.0):(-17, -6)
(495.999, 291.999):(18, -5)
(36.0, 291.976):(-18, -5)
(509.0, 305.0):(19, -4)
(23.0, 304.0):(-19, -4)
(522.0, 318.0):(20, -3)
(10.332, 316.999):(-20, -3)
(535.0, 330.024):(21, -2)
(547.445, 343.0):(22, -1)
(560.331, 356.0):(23, 0)
(547.555, 369.0):(22, 1)
(534.976, 382.0):(21, 2)
(522.002, 394.331):(20, 3)
(509.0, 407.0):(19, 4)
(495.999, 419.999):(18, 5)
(483.024, 433.0):(17, 6)
(470.999, 446.0):(16, 7)
(458.0, 458.0):(15, 8)
(445.0, 471.0):(14, 9)
(431.999, 483.999):(13, 10)
(419.22, 497.0):(12, 11)
(407.0, 509.78):(11, 12)
(393.999, 522.0):(10, 13)
(381.376, 535.0):(9, 14)
(151.0, 535.0):(-9, 14)
(138.0, 522.0):(-10, 13)
(125.024, 509.0):(-11, 12)
(112.751, 496.0):(-12, 11)
(100.0, 483.0):(-13, 10)
(87.0, 471.0):(-14, 9)
(74.248, 458.0):(-15, 8)
(61.333, 444.999):(-16, 7)
(49.0, 432.0):(-17, 6)
(36.0, 419.0):(-18, 5)
(23.027, 406.027):(-19, 4)
(10.751, 394.0):(-20, 3)
(266.0, 49.0):(0, -24)
(278.999, 62.0):(1, -23)
(253.024, 62.0):(-1, -23)
(291.629, 74.953):(2, -22)
(240.047, 74.606):(-2, -22)
(304.047, 87.371):(3, -21)
(228.0, 87.0):(-3, -21)
(317.0, 100.024):(4, -20)
(214.999, 100.0):(-4, -20)
(330.0, 113.0):(5, -19)
(202.0, 113.0):(-5, -19)
(342.999, 126.0):(6, -18)
(189.024, 126.0):(-6, -18)
(356.0, 139.0):(7, -17)
(176.278, 138.048):(-7, -17)
(368.0, 151.555):(8, -16)
(164.0, 151.0):(-8, -16)
(381.5, 164.0):(9, -15)
(151.0, 164.0):(-9, -15)
(394.0, 177.0):(10, -14)
(138.024, 177.0):(-10, -14)
(407.0, 190.0):(11, -13)
(125.024, 190.0):(-11, -13)
(419.5, 203.0):(12, -12)
(112.331, 202.0):(-12, -12)
(432.0, 215.032):(13, -11)
(100.0, 215.0):(-13, -11)
(445.0, 228.0):(14, -10)
(87.0, 228.0):(-14, -10)
(458.0, 241.0):(15, -9)
(74.22, 241.0):(-15, -9)
(470.999, 254.0):(16, -8)
(61.5, 253.0):(-16, -8)
(49.0, 266.0):(-17, -7)
(483.333, 267.001):(17, -7)
(496.0, 279.332):(18, -6)
(36.0, 279.0):(-18, -6)
(508.999, 292.0):(19, -5)
(23.0, 291.032):(-19, -5)
(522.0, 305.0):(20, -4)
(10.5, 304.0):(-20, -4)
(535.0, 318.0):(21, -3)
(547.22, 330.0):(22, -2)
(560.0, 343.0):(23, -1)
(572.999, 356.0):(24, 0)
(560.024, 369.0):(23, 1)
(546.999, 382.0):(22, 2)
(534.999, 394.0):(21, 3)
(522.0, 407.0):(20, 4)
(508.999, 420.0):(19, 5)
(496.0, 432.999):(18, 6)
(482.999, 446.0):(17, 7)
(470.927, 458.073):(16, 8)
(458.0, 471.0):(15, 9)
(444.999, 484.0):(14, 10)
(432.001, 497.0):(13, 11)
(419.0, 509.668):(12, 12)
(406.999, 522.0):(11, 13)
(395.942, 532.002):(10, 14)
(138.0, 534.22):(-10, 14)
(124.999, 522.0):(-11, 13)
(112.668, 508.999):(-12, 12)
(99.999, 495.999):(-13, 11)
(87.0, 483.0):(-14, 10)
(74.255, 470.277):(-15, 9)
(61.024, 458.0):(-16, 8)
(49.0, 445.0):(-17, 7)
(36.0, 432.0):(-18, 6)
(23.0, 419.0):(-19, 5)
(10.5, 406.0):(-20, 4)
(265.999, 35.999):(0, -25)
(279.0, 49.0):(1, -24)
(253.0, 49.0):(-1, -24)
(291.666, 61.999):(2, -23)
(240.555, 62.0):(-2, -23)
(304.073, 74.927):(3, -22)
(227.952, 74.371):(-3, -22)
(317.0, 87.78):(4, -21)
(215.0, 87.0):(-4, -21)
(329.999, 99.999):(5, -20)
(201.999, 99.999):(-5, -20)
(343.0, 113.0):(6, -19)
(189.024, 113.0):(-6, -19)
(355.999, 125.999):(7, -18)
(176.024, 126.0):(-7, -18)
(368.0, 139.0):(8, -17)
(163.999, 137.999):(-8, -17)
(381.0, 151.78):(9, -16)
(151.0, 151.0):(-9, -16)
(393.999, 163.999):(10, -15)
(138.22, 164.0):(-10, -15)
(407.0, 177.0):(11, -14)
(125.333, 177.001):(-11, -14)
(419.058, 190.0):(12, -13)
(112.684, 189.099):(-12, -13)
(432.0, 203.0):(13, -12)
(99.999, 201.999):(-13, -12)
(445.0, 215.249):(14, -11)
(87.0, 215.0):(-14, -11)
(457.999, 227.999):(15, -10)
(74.22, 228.0):(-15, -10)
(471.0, 241.0):(16, -9)
(61.22, 241.0):(-16, -9)
(483.332, 254.0):(17, -8)
(48.78, 253.0):(-17, -8)
(35.999, 265.999):(-18, -7)
(496.0, 267.0):(18, -7)
(509.0, 279.0):(19, -6)
(23.024, 279.0):(-19, -6)
(521.999, 291.999):(20, -5)
(10.097, 291.073):(-20, -5)
(535.0, 305.0):(21, -4)
(547.024, 318.0):(22, -3)
(559.999, 329.999):(23, -2)
(573.024, 343.0):(24, -1)
(585.999, 355.999):(25, 0)
(573.0, 369.0):(24, 1)
(560.097, 381.073):(23, 2)
(547.0, 394.024):(22, 3)
(535.0, 407.0):(21, 4)
(521.999, 419.999):(20, 5)
(509.0, 433.0):(19, 6)
(495.999, 445.999):(18, 7)
(482.999, 458.0):(17, 8)
(471.0, 471.0):(16, 9)
(457.999, 483.999):(15, 10)
(445.027, 497.0):(14, 11)
(432.0, 509.779):(13, 12)
(418.999, 522.0):(12, 13)
(406.976, 535.0):(11, 14)
(125.22, 534.22):(-11, 14)
(112.669, 522.0):(-12, 13)
(100.0, 508.999):(-13, 12)
(87.0, 496.0):(-14, 11)
(74.024, 483.0):(-15, 10)
(61.097, 470.073):(-16, 9)
(49.0, 458.0):(-17, 8)
(36.0, 444.999):(-18, 7)
(23.058, 432.0):(-19, 6)
(10.968, 419.0):(-20, 5)
(266.0, 23.0):(0, -26)
(278.999, 36.0):(1, -25)
(253.024, 36.0):(-1, -25)
(291.024, 49.0):(2, -24)
(240.667, 48.999):(-2, -24)
(304.22, 62.0):(3, -23)
(227.999, 61.999):(-3, -23)
(317.0, 75.0):(4, -22)
(215.0, 74.024):(-4, -22)
(330.0, 87.22):(5, -21)
(202.024, 87.024):(-5, -21)
(342.999, 100.0):(6, -20)
(189.22, 100.0):(-6, -20)
(356.0, 113.0):(7, -19)
(176.333, 113.0):(-7, -19)
(368.024, 126.0):(8, -18)
(163.999, 125.999):(-8, -18)
(381.024, 139.0):(9, -17)
(150.999, 138.0):(-9, -17)
(394.0, 151.024):(10, -16)
(138.024, 151.0):(-10, -16)
(407.0, 164.0):(11, -15)
(125.445, 164.0):(-11, -15)
(420.0, 176.999):(12, -14)
(112.976, 177.0):(-12, -14)
(431.999, 189.999):(13, -13)
(100.0, 189.0):(-13, -13)
(445.0, 203.0):(14, -12)
(87.024, 202.0):(-14, -12)
(458.0, 215.027):(15, -11)
(74.332, 215.0):(-15, -11)
(470.999, 228.0):(16, -10)
(61.22, 228.0):(-16, -10)
(483.024, 241.0):(17, -9)
(48.927, 240.073):(-17, -9)
(496.78, 254.0):(18, -8)
(36.0, 253.0):(-18, -8)
(23.0, 266.0):(-19, -7)
(509.024, 267.0):(19, -7)
(522.0, 279.0):(20, -6)
(10.973, 279.0):(-20, -6)
(535.0, 292.0):(21, -5)
(547.024, 305.0):(22, -4)
(560.024, 318.0):(23, -3)
(573.0, 330.0):(24, -2)
(586.0, 343.0):(25, -1)
(599.0, 356.0):(26, 0)
(586.0, 369.0):(25, 1)
(573.0, 381.976):(24, 2)
(560.024, 394.0):(23, 3)
(547.667, 407.001):(22, 4)
(535.0, 420.0):(21, 5)
(522.0, 433.0):(20, 6)
(509.0, 446.0):(19, 7)
(495.999, 457.999):(18, 8)
(483.0, 471.0):(17, 9)
(471.0, 484.0):(16, 10)
(458.0, 497.0):(15, 11)
(445.0, 509.445):(14, 12)
(431.999, 521.999):(13, 13)
(419.0, 535.0):(12, 14)
(112.395, 534.047):(-12, 14)
(100.0, 521.715):(-13, 13)
(87.0, 509.0):(-14, 12)
(74.027, 496.0):(-15, 11)
(61.22, 483.0):(-16, 10)
(49.0, 470.027):(-17, 9)
(36.0, 457.027):(-18, 8)
(23.0, 445.0):(-19, 7)
(10.968, 431.999):(-20, 6)
(266.0, 10.0):(0, -27)
(279.0, 23.0):(1, -26)
(253.024, 23.0):(-1, -26)
(291.22, 36.0):(2, -25)
(240.976, 36.0):(-2, -25)
(304.024, 49.0):(3, -24)
(227.666, 48.999):(-3, -24)
(317.0, 62.0):(4, -23)
(214.999, 62.0):(-4, -23)
(330.0, 75.0):(5, -22)
(202.0, 74.22):(-5, -22)
(343.0, 87.024):(6, -21)
(189.0, 87.0):(-6, -21)
(355.0, 100.22):(7, -20)
(176.22, 100.0):(-7, -20)
(368.0, 113.0):(8, -19)
(164.0, 112.999):(-8, -19)
(381.0, 126.0):(9, -18)
(150.999, 126.0):(-9, -18)
(394.0, 139.0):(10, -17)
(138.097, 138.073):(-10, -17)
(406.998, 151.667):(11, -16)
(125.22, 151.0):(-11, -16)
(419.976, 164.0):(12, -15)
(112.445, 164.0):(-12, -15)
(432.024, 177.0):(13, -14)
(100.0, 176.999):(-13, -14)
(445.0, 190.0):(14, -13)
(87.0, 189.024):(-14, -13)
(458.0, 203.0):(15, -12)
(74.024, 202.0):(-15, -12)
(471.0, 215.445):(16, -11)
(61.667, 214.999):(-16, -11)
(483.024, 228.0):(17, -10)
(49.0, 228.0):(-17, -10)
(496.024, 241.0):(18, -9)
(36.0, 240.024):(-18, -9)
(508.999, 254.0):(19, -8)
(23.032, 253.0):(-19, -8)
(522.0, 266.331):(20, -7)
(535.0, 279.0):(21, -6)
(547.024, 292.0):(22, -5)
(560.024, 305.0):(23, -4)
(573.0, 317.445):(24, -3)
(585.999, 330.0):(25, -2)
(599.0, 343.0):(26, -1)
(611.555, 356.0):(27, 0)
(599.0, 369.0):(26, 1)
(585.999, 381.667):(25, 2)
(573.0, 394.0):(24, 3)
(560.0, 407.0):(23, 4)
(547.024, 420.0):(22, 5)
(535.0, 433.0):(21, 6)
(522.0, 445.779):(20, 7)
(509.0, 458.0):(19, 8)
(496.024, 471.0):(18, 9)
(483.0, 484.0):(17, 10)
(471.0, 497.0):(16, 11)
(458.0, 509.78):(15, 12)
(445.0, 522.0):(14, 13)
(432.0, 535.0):(13, 14)
(99.999, 534.0):(-13, 14)
(87.0, 521.027):(-14, 13)
(74.024, 509.0):(-15, 12)
(61.5, 496.0):(-16, 11)
(49.0, 483.0):(-17, 10)
(36.0, 470.0):(-18, 9)
(23.032, 457.032):(-19, 8)
(10.751, 445.001):(-20, 7)
(278.927, 10.073):(1, -27)
(253.024, 10.0):(-1, -27)
(291.78, 23.0):(2, -26)
(240.024, 23.0):(-2, -26)
(304.024, 36.0):(3, -25)
(227.779, 36.0):(-3, -25)
(317.0, 49.0):(4, -24)
(215.0, 49.0):(-4, -24)
(330.0, 62.0):(5, -23)
(201.999, 62.0):(-5, -23)
(343.0, 74.976):(6, -22)
(189.22, 74.22):(-6, -22)
(355.047, 87.606):(7, -21)
(176.667, 87.0):(-7, -21)
(368.0, 100.024):(8, -20)
(163.999, 99.999):(-8, -20)
(381.0, 113.0):(9, -19)
(151.0, 113.0):(-9, -19)
(394.0, 126.0):(10, -18)
(138.024, 126.0):(-10, -18)
(407.0, 139.0):(11, -17)
(125.024, 138.0):(-11, -17)
(420.0, 151.0):(12, -16)
(112.555, 151.0):(-12, -16)
(432.024, 164.0):(13, -15)
(99.999, 163.999):(-13, -15)
(445.0, 177.0):(14, -14)
(87.0, 177.0):(-14, -14)
(458.0, 190.0):(15, -13)
(74.024, 189.0):(-15, -13)
(471.0, 203.0):(16, -12)
(483.001, 215.333):(17, -11)
(49.0, 215.0):(-17, -11)
(495.999, 227.999):(18, -10)
(35.999, 227.999):(-18, -10)
(509.0, 241.0):(19, -9)
(23.0, 240.0):(-19, -9)
(522.0, 254.0):(20, -8)
(10.5, 253.0):(-20, -8)
(535.0, 266.22):(21, -7)
(547.024, 279.0):(22, -6)
(559.999, 291.999):(23, -5)
(573.0, 305.0):(24, -4)
(585.999, 317.667):(25, -3)
(598.999, 330.0):(26, -2)
(611.976, 343.0):(27, -1)
(624.024, 356.0):(28, 0)
(611.22, 368.78):(27, 1)
(599.0, 381.0):(26, 2)
(585.999, 394.0):(25, 3)
(573.0, 407.0):(24, 4)
(559.999, 419.999):(23, 5)
(547.0, 433.0):(22, 6)
(535.0, 445.445):(21, 7)
(522.0, 458.0):(20, 8)
(509.0, 471.0):(19, 9)
(495.999, 483.999):(18, 10)
(483.0, 497.0):(17, 11)
(470.953, 509.396):(16, 12)
(458.0, 522.0):(15, 13)
(445.0, 535.0):(14, 14)
(87.0, 534.0):(-14, 14)
(74.024, 521.024):(-15, 13)
(61.5, 509.0):(-16, 12)
(49.0, 496.0):(-17, 11)
(36.0, 483.0):(-18, 10)
(23.0, 470.0):(-19, 9)
(11.0, 457.032):(-20, 8)
(291.916, 10.083):(2, -27)
(240.22, 10.0):(-2, -27)
(304.024, 23.0):(3, -26)
(227.976, 23.0):(-3, -26)
(316.999, 36.0):(4, -25)
(215.0, 36.0):(-4, -25)
(330.0, 48.999):(5, -24)
(202.0, 49.0):(-5, -24)
(342.999, 62.0):(6, -23)
(189.22, 62.0):(-6, -23)
(355.024, 75.0):(7, -22)
(176.395, 74.047):(-7, -22)
(368.0, 87.445):(8, -21)
(164.0, 87.0):(-8, -21)
(380.999, 100.0):(9, -20)
(151.0, 100.0):(-9, -20)
(394.0, 113.0):(10, -19)
(138.0, 113.0):(-10, -19)
(406.999, 126.0):(11, -18)
(125.073, 125.097):(-11, -18)
(419.445, 139.0):(12, -17)
(112.976, 138.0):(-12, -17)
(432.0, 151.445):(13, -16)
(100.0, 151.0):(-13, -16)
(444.999, 164.0):(14, -15)
(87.0, 164.0):(-14, -15)
(458.0, 177.0):(15, -14)
(74.024, 177.0):(-15, -14)
(471.0, 190.0):(16, -13)
(483.555, 202.779):(17, -12)
(496.024, 215.0):(18, -11)
(49.0, 202.0):(-17, -12)
(36.0, 215.0):(-18, -11)
(508.999, 228.0):(19, -10)
(23.0, 228.0):(-19, -10)
(522.0, 241.0):(20, -9)
(10.024, 240.0):(-20, -9)
(534.999, 254.0):(21, -8)
(547.0, 266.78):(22, -7)
(560.0, 279.0):(23, -6)
(572.999, 292.0):(24, -5)
(586.0, 305.0):(25, -4)
(599.0, 317.0):(26, -3)
(611.999, 329.999):(27, -2)
(624.22, 343.0):(28, -1)
(636.999, 356.0):(29, 0)
(624.047, 368.722):(28, 1)
(611.024, 381.0):(27, 2)
(598.976, 394.0):(26, 3)
(586.0, 407.0):(25, 4)
(572.999, 420.0):(24, 5)
(560.024, 433.0):(23, 6)
(547.073, 445.903):(22, 7)
(534.667, 458.001):(21, 8)
(522.0, 471.0):(20, 9)
(508.999, 484.0):(19, 10)
(496.0, 496.999):(18, 11)
(483.0, 509.024):(17, 12)
(471.0, 522.0):(16, 13)
(458.0, 535.0):(15, 14)
(74.0, 534.0):(-15, 14)
(61.278, 521.047):(-16, 13)
(48.999, 508.573):(-17, 12)
(36.0, 496.0):(-18, 11)
(23.0, 483.0):(-19, 10)
(10.969, 469.999):(-20, 9)
(304.097, 10.073):(3, -27)
(228.0, 10.248):(-3, -27)
(317.0, 23.024):(4, -26)
(215.0, 23.0):(-4, -26)
(329.999, 35.999):(5, -25)
(201.999, 35.999):(-5, -25)
(343.0, 49.0):(6, -24)
(189.0, 49.0):(-6, -24)
(355.024, 62.0):(7, -23)
(176.024, 62.0):(-7, -23)
(368.024, 75.0):(8, -22)
(163.999, 73.999):(-8, -22)
(381.0, 87.445):(9, -21)
(151.0, 87.0):(-9, -21)
(393.999, 99.999):(10, -20)
(138.024, 100.0):(-10, -20)
(407.0, 113.0):(11, -19)
(125.333, 113.001):(-11, -19)
(419.332, 126.0):(12, -18)
(112.128, 125.128):(-12, -18)
(432.024, 139.0):(13, -17)
(99.999, 137.999):(-13, -17)
(445.0, 151.445):(14, -16)
(87.0, 151.0):(-14, -16)
(458.0, 164.0):(15, -15)
(74.024, 164.0):(-15, -15)
(471.0, 177.0):(16, -14)
(61.603, 176.396):(-16, -14)
(483.024, 190.0):(17, -13)
(495.998, 202.666):(18, -12)
(509.0, 215.0):(19, -11)
(49.0, 189.0):(-17, -13)
(36.0, 202.0):(-18, -12)
(23.027, 215.0):(-19, -11)
(521.999, 227.999):(20, -10)
(10.22, 227.22):(-20, -10)
(534.78, 241.0):(21, -9)
(547.976, 254.0):(22, -8)
(560.0, 266.024):(23, -7)
(573.0, 279.0):(24, -6)
(585.999, 291.999):(25, -5)
(599.0, 305.0):(26, -4)
(611.976, 317.0):(27, -3)
(624.22, 330.0):(28, -2)
(637.024, 343.0):(29, -1)
(650.0, 355.976):(30, 0)
(637.0, 368.0):(29, 1)
(624.22, 381.0):(28, 2)
(611.024, 394.0):(27, 3)
(599.0, 407.0):(26, 4)
(585.999, 419.999):(25, 5)
(573.073, 432.927):(24, 6)
(560.0, 445.445):(23, 7)
(547.024, 458.0):(22, 8)
(535.0, 471.0):(21, 9)
(522.024, 484.0):(20, 10)
(509.024, 497.0):(19, 11)
(496.0, 509.445):(18, 12)
(482.999, 522.0):(17, 13)
(470.976, 535.0):(16, 14)
(61.027, 534.0):(-16, 14)
(49.0, 521.0):(-17, 13)
(36.0, 508.0):(-18, 12)
(23.027, 496.0):(-19, 11)
(11.0, 483.0):(-20, 10)
(317.0, 10.555):(4, -27)
(227.5, 0.249):(-3, -28)
(214.999, 10.0):(-4, -27)
(330.0, 23.0):(5, -26)
(202.0, 23.0):(-5, -26)
(342.999, 36.0):(6, -25)
(188.999, 36.0):(-6, -25)
(355.22, 49.0):(7, -24)
(176.78, 49.0):(-7, -24)
(368.024, 62.0):(8, -23)
(164.0, 62.0):(-8, -23)
(381.0, 74.555):(9, -22)
(151.0, 74.027):(-9, -22)
(394.0, 87.555):(10, -21)
(138.0, 87.0):(-10, -21)
(407.0, 100.0):(11, -20)
(125.024, 100.0):(-11, -20)
(419.024, 113.0):(12, -19)
(112.78, 113.0):(-12, -19)
(431.999, 125.999):(13, -18)
(100.0, 125.0):(-13, -18)
(445.0, 139.0):(14, -17)
(86.999, 138.0):(-14, -17)
(458.0, 151.024):(15, -16)
(74.332, 151.0):(-15, -16)
(471.0, 164.0):(16, -15)
(61.334, 164.001):(-16, -15)
(483.024, 177.0):(17, -14)
(49.0, 176.22):(-17, -14)
(495.999, 189.999):(18, -13)
(509.0, 202.78):(19, -12)
(522.0, 215.0):(20, -11)
(36.0, 189.0):(-18, -13)
(22.999, 202.0):(-19, -12)
(10.968, 215.0):(-20, -11)
(534.976, 228.0):(21, -10)
(547.0, 241.0):(22, -9)
(560.22, 254.0):(23, -8)
(573.0, 266.0):(24, -7)
(586.0, 279.0):(25, -6)
(598.999, 292.0):(26, -5)
(611.555, 305.0):(27, -4)
(624.22, 317.0):(28, -3)
(637.0, 330.0):(29, -2)
(650.0, 343.0):(30, -1)
(662.872, 355.127):(31, 0)
(649.999, 367.999):(30, 1)
(637.0, 381.0):(29, 2)
(624.024, 394.0):(28, 3)
(611.22, 407.0):(27, 4)
(599.0, 420.0):(26, 5)
(586.0, 432.779):(25, 6)
(573.0, 445.22):(24, 7)
(560.024, 458.0):(23, 8)
(547.0, 471.0):(22, 9)
(534.976, 484.0):(21, 10)
(522.0, 496.78):(20, 11)
(509.0, 509.024):(19, 12)
(496.024, 522.0):(18, 13)
(483.0, 535.0):(17, 14)
(48.999, 534.0):(-17, 14)
(36.0, 521.0):(-18, 13)
(23.0, 508.0):(-19, 12)
(10.904, 495.096):(-20, 11)
(316.999, 0.249):(4, -28)
(330.0, 10.024):(5, -27)
(202.0, 10.0):(-5, -27)
(342.976, 23.0):(6, -26)
(189.024, 23.0):(-6, -26)
(355.333, 36.001):(7, -25)
(176.555, 36.0):(-7, -25)
(368.024, 49.0):(8, -24)
(164.0, 48.999):(-8, -24)
(381.0, 62.0):(9, -23)
(151.0, 61.22):(-9, -23)
(393.999, 74.667):(10, -22)
(138.097, 74.073):(-10, -22)
(407.0, 87.445):(11, -21)
(125.024, 87.0):(-11, -21)
(419.024, 100.0):(12, -20)
(112.976, 100.0):(-12, -20)
(432.024, 113.0):(13, -19)
(100.0, 112.999):(-13, -19)
(445.024, 126.0):(14, -18)
(87.0, 125.024):(-14, -18)
(458.0, 139.0):(15, -17)
(74.331, 138.002):(-15, -17)
(471.0, 151.0):(16, -16)
(61.333, 151.001):(-16, -16)
(483.024, 164.0):(17, -15)
(48.999, 164.0):(-17, -15)
(496.024, 177.0):(18, -14)
(36.0, 176.248):(-18, -14)
(509.0, 190.0):(19, -13)
(522.0, 202.024):(20, -12)
(535.0, 215.0):(21, -11)
(23.249, 189.0):(-19, -13)
(10.248, 202.0):(-20, -12)
(547.333, 228.001):(22, -10)
(560.024, 241.0):(23, -9)
(573.002, 253.333):(24, -8)
(586.0, 266.0):(25, -7)
(599.0, 279.0):(26, -6)
(611.445, 292.0):(27, -5)
(624.097, 304.073):(28, -4)
(637.0, 317.0):(29, -3)
(650.0, 330.0):(30, -2)
(663.0, 343.0):(31, -1)
(675.0, 355.22):(32, 0)
(662.555, 368.0):(31, 1)
(650.0, 381.0):(30, 2)
(637.0, 394.0):(29, 3)
(624.0, 407.0):(28, 4)
(611.22, 420.0):(27, 5)
(599.0, 432.0):(26, 6)
(586.0, 444.999):(25, 7)
(573.0, 458.0):(24, 8)
(560.0, 471.0):(23, 9)
(547.024, 484.0):(22, 10)
(535.0, 496.976):(21, 11)
(522.0, 508.999):(20, 12)
(509.024, 522.0):(19, 13)
(496.0, 535.0):(18, 14)
(35.999, 533.999):(-18, 14)
(23.0, 521.0):(-19, 13)
(10.751, 508.0):(-20, 12)
(329.501, 0.249):(5, -28)
(304.0, 0.25):(3, -28)
(342.779, 10.333):(6, -27)
(189.097, 10.073):(-6, -27)
(355.024, 23.0):(7, -26)
(176.22, 23.0):(-7, -26)
(368.024, 36.0):(8, -25)
(163.999, 35.999):(-8, -25)
(381.0, 49.0):(9, -24)
(151.0, 49.0):(-9, -24)
(394.0, 62.0):(10, -23)
(138.0, 61.445):(-10, -23)
(407.0, 74.976):(11, -22)
(125.22, 74.0):(-11, -22)
(419.073, 87.073):(12, -21)
(112.445, 87.0):(-12, -21)
(432.024, 100.0):(13, -20)
(99.999, 99.999):(-13, -20)
(445.0, 113.0):(14, -19)
(87.0, 113.0):(-14, -19)
(458.0, 126.0):(15, -18)
(74.024, 125.024):(-15, -18)
(471.0, 138.555):(16, -17)
(61.024, 138.0):(-16, -17)
(483.0, 151.024):(17, -16)
(49.0, 151.0):(-17, -16)
(496.024, 164.0):(18, -15)
(36.0, 164.0):(-18, -15)
(509.0, 177.0):(19, -14)
(23.024, 176.024):(-19, -14)
(522.0, 190.0):(20, -13)
(535.0, 202.22):(21, -12)
(547.0, 215.0):(22, -11)
(10.751, 189.001):(-20, -13)
(559.999, 227.999):(23, -10)
(573.0, 241.0):(24, -9)
(586.0, 253.024):(25, -8)
(598.999, 266.0):(26, -7)
(611.024, 279.0):(27, -6)
(623.999, 291.999):(28, -5)
(637.0, 304.024):(29, -4)
(650.0, 316.999):(30, -3)
(662.976, 330.0):(31, -2)
(675.024, 343.0):(32, -1)
(688.0, 355.0):(33, 0)
(675.22, 368.0):(32, 1)
(662.22, 381.0):(31, 2)
(650.0, 394.0):(30, 3)
(637.0, 407.0):(29, 4)
(624.0, 419.976):(28, 5)
(611.024, 432.0):(27, 6)
(599.0, 445.0):(26, 7)
(586.0, 458.0):(25, 8)
(573.0, 471.0):(24, 9)
(559.999, 483.999):(23, 10)
(547.073, 496.903):(22, 11)
(534.976, 509.0):(21, 12)
(521.999, 522.0):(20, 13)
(509.024, 535.0):(19, 14)
(23.0, 534.0):(-19, 14)
(10.973, 521.0):(-20, 13)
(342.5, 0.249):(6, -28)
(291.0, 0.25):(2, -28)
(355.047, 10.255):(7, -27)
(176.626, 10.0):(-7, -27)
(368.0, 23.0):(8, -26)
(163.976, 23.0):(-8, -26)
(380.999, 36.0):(9, -25)
(151.0, 36.0):(-9, -25)
(394.0, 49.0):(10, -24)
(138.0, 49.0):(-10, -24)
(406.999, 62.0):(11, -23)
(125.073, 61.097):(-11, -23)
(419.0, 74.78):(12, -22)
(112.555, 74.0):(-12, -22)
(431.999, 87.667):(13, -21)
(100.0, 87.0):(-13, -21)
(444.999, 100.0):(14, -20)
(87.0, 100.0):(-14, -20)
(458.0, 113.0):(15, -19)
(74.249, 112.999):(-15, -19)
(470.976, 126.0):(16, -18)
(62.0, 125.5):(-16, -18)
(483.0, 138.78):(17, -17)
(49.0, 138.0):(-17, -17)
(496.0, 151.0):(18, -16)
(36.0, 151.0):(-18, -16)
(508.999, 164.0):(19, -15)
(23.027, 164.0):(-19, -15)
(522.0, 177.0):(20, -14)
(10.5, 176.0):(-20, -14)
(534.999, 190.0):(21, -13)
(547.024, 202.0):(22, -12)
(560.024, 215.0):(23, -11)
(572.999, 228.0):(24, -10)
(586.0, 241.0):(25, -9)
(599.0, 253.0):(26, -8)
(612.0, 266.0):(27, -7)
(624.22, 279.0):(28, -6)
(636.999, 292.0):(29, -5)
(650.0, 304.024):(30, -4)
(663.0, 317.0):(31, -3)
(675.445, 330.0):(32, -2)
(688.0, 342.5):(33, -1)
(701.0, 355.0):(34, 0)
(687.999, 367.999):(33, 1)
(675.024, 381.0):(32, 2)
(662.445, 394.0):(31, 3)
(650.0, 407.0):(30, 4)
(637.002, 419.333):(29, 5)
(624.024, 432.0):(28, 6)
(611.024, 445.0):(27, 7)
(598.332, 458.001):(26, 8)
(586.0, 471.0):(25, 9)
(572.999, 484.0):(24, 10)
(560.0, 496.22):(23, 11)
(547.0, 509.0):(22, 12)
(534.666, 522.002):(21, 13)
(522.0, 534.999):(20, 14)
(11.0, 533.715):(-20, 14)
(368.073, 10.073):(8, -27)
(163.976, 10.0):(-8, -27)
(381.024, 23.0):(9, -26)
(151.0, 23.0):(-9, -26)
(393.999, 35.999):(10, -25)
(138.248, 36.0):(-10, -25)
(406.976, 49.0):(11, -24)
(125.024, 49.0):(-11, -24)
(418.999, 62.0):(12, -23)
(113.001, 61.332):(-12, -23)
(432.0, 74.445):(13, -22)
(100.0, 74.0):(-13, -22)
(445.001, 87.333):(14, -21)
(87.0, 87.0):(-14, -21)
(457.999, 99.999):(15, -20)
(74.22, 100.0):(-15, -20)
(470.976, 113.0):(16, -19)
(61.488, 112.954):(-16, -19)
(482.999, 126.0):(17, -18)
(49.0, 125.0):(-17, -18)
(496.0, 138.78):(18, -17)
(36.0, 138.0):(-18, -17)
(509.0, 151.0):(19, -16)
(23.027, 151.0):(-19, -16)
(521.999, 163.999):(20, -15)
(11.0, 164.0):(-20, -15)
(535.0, 177.0):(21, -14)
(547.0, 189.78):(22, -13)
(559.999, 201.999):(23, -12)
(573.0, 215.0):(24, -11)
(585.999, 227.999):(25, -10)
(599.0, 241.0):(26, -9)
(611.555, 253.0):(27, -8)
(623.999, 265.999):(28, -7)
(637.0, 279.0):(29, -6)
(649.999, 291.999):(30, -5)
(662.78, 304.0):(31, -4)
(675.024, 317.0):(32, -3)
(688.027, 330.0):(33, -2)
(701.0, 342.445):(34, -1)
(713.22, 355.0):(35, 0)
(701.0, 368.0):(34, 1)
(688.0, 380.999):(33, 2)
(675.973, 394.0):(32, 3)
(662.22, 407.0):(31, 4)
(650.0, 419.0):(30, 5)
(636.999, 432.0):(29, 6)
(624.0, 444.999):(28, 7)
(611.024, 458.0):(27, 8)
(599.0, 471.0):(26, 9)
(586.0, 483.976):(25, 10)
(572.998, 496.333):(24, 11)
(560.0, 509.0):(23, 12)
(547.968, 521.999):(22, 13)
(534.976, 535.0):(21, 14)
(381.0, 10.024):(9, -27)
(150.999, 10.0):(-9, -27)
(394.0, 23.0):(10, -26)
(138.0, 23.0):(-10, -26)
(406.78, 36.0):(11, -25)
(125.22, 36.0):(-11, -25)
(419.024, 49.0):(12, -24)
(112.333, 48.999):(-12, -24)
(431.999, 61.999):(13, -23)
(100.0, 61.22):(-13, -23)
(445.024, 74.024):(14, -22)
(86.999, 74.0):(-14, -22)
(458.0, 87.0):(15, -21)
(74.22, 87.0):(-15, -21)
(470.976, 100.0):(16, -20)
(61.22, 100.0):(-16, -20)
(483.024, 113.0):(17, -19)
(48.999, 112.667):(-17, -19)
(495.999, 125.999):(18, -18)
(36.0, 125.0):(-18, -18)
(509.0, 138.024):(19, -17)
(23.024, 138.0):(-19, -17)
(522.0, 151.0):(20, -16)
(10.249, 151.0):(-20, -16)
(534.999, 164.0):(21, -15)
(547.024, 177.0):(22, -14)
(560.333, 189.333):(23, -13)
(573.0, 202.0):(24, -12)
(586.0, 215.0):(25, -11)
(598.999, 228.0):(26, -10)
(611.073, 240.927):(27, -9)
(624.22, 253.0):(28, -8)
(637.0, 266.0):(29, -7)
(650.0, 279.0):(30, -6)
(662.667, 291.779):(31, -5)
(675.624, 303.999):(32, -4)
(688.0, 316.999):(33, -3)
(701.0, 330.0):(34, -2)
(713.024, 342.0):(35, -1)
(713.555, 368.0):(35, 1)
(701.0, 381.0):(34, 2)
(688.0, 394.0):(33, 3)
(675.711, 406.052):(32, 4)
(662.445, 419.0):(31, 5)
(649.999, 431.999):(30, 6)
(637.0, 445.0):(29, 7)
(623.999, 457.999):(28, 8)
(611.024, 471.0):(27, 9)
(598.44, 483.56):(26, 10)
(585.999, 495.999):(25, 11)
(573.0, 509.0):(24, 12)
(559.999, 521.999):(23, 13)
(547.024, 535.0):(22, 14)
(394.0, 10.0):(10, -27)
(138.024, 10.024):(-10, -27)
(406.555, 23.0):(11, -26)
(125.22, 23.0):(-11, -26)
(419.024, 36.0):(12, -25)
(113.0, 36.0):(-12, -25)
(432.024, 49.0):(13, -24)
(100.0, 48.999):(-13, -24)
(445.0, 61.976):(14, -23)
(87.073, 61.097):(-14, -23)
(458.0, 74.22):(15, -22)
(74.024, 74.0):(-15, -22)
(470.78, 87.0):(16, -21)
(61.973, 87.0):(-16, -21)
(483.024, 100.0):(17, -20)
(48.999, 100.0):(-17, -20)
(496.0, 112.999):(18, -19)
(36.0, 112.751):(-18, -19)
(509.0, 126.0):(19, -18)
(23.027, 125.0):(-19, -18)
(522.0, 138.22):(20, -17)
(10.22, 138.0):(-20, -17)
(535.0, 151.0):(21, -16)
(547.024, 164.0):(22, -15)
(560.0, 176.999):(23, -14)
(573.0, 189.024):(24, -13)
(586.0, 202.0):(25, -12)
(599.0, 215.0):(26, -11)
(611.024, 228.0):(27, -10)
(624.0, 240.024):(28, -9)
(637.0, 253.0):(29, -8)
(650.0, 266.0):(30, -7)
(662.973, 279.0):(31, -6)
(675.024, 291.024):(32, -5)
(687.999, 303.999):(33, -4)
(701.0, 317.0):(34, -3)
(714.0, 330.0):(35, -2)
(713.973, 381.0):(35, 2)
(701.0, 394.0):(34, 3)
(687.999, 405.999):(33, 4)
(675.024, 419.0):(32, 5)
(662.22, 432.0):(31, 6)
(650.0, 445.0):(30, 7)
(637.0, 458.0):(29, 8)
(624.024, 471.0):(28, 9)
(611.5, 483.0):(27, 10)
(598.331, 496.0):(26, 11)
(586.0, 509.0):(25, 12)
(573.0, 522.0):(24, 13)
(560.024, 535.0):(23, 14)
(406.254, 10.046):(11, -27)
(125.5, 10.0):(-11, -27)
(419.445, 23.0):(12, -26)
(113.0, 23.0):(-12, -26)
(432.024, 36.0):(13, -25)
(99.999, 35.999):(-13, -25)
(445.024, 49.0):(14, -24)
(87.0, 49.0):(-14, -24)
(458.0, 61.335):(15, -23)
(74.024, 61.0):(-15, -23)
(470.999, 74.0):(16, -22)
(61.666, 73.999):(-16, -22)
(483.024, 87.0):(17, -21)
(49.0, 87.0):(-17, -21)
(495.999, 99.999):(18, -20)
(36.0, 100.0):(-18, -20)
(509.0, 113.0):(19, -19)
(23.073, 112.097):(-19, -19)
(522.0, 125.555):(20, -18)
(10.715, 125.0):(-20, -18)
(534.722, 138.047):(21, -17)
(547.024, 151.0):(22, -16)
(559.999, 163.999):(23, -15)
(573.0, 177.0):(24, -14)
(586.0, 188.999):(25, -13)
(598.999, 202.0):(26, -12)
(611.024, 215.0):(27, -11)
(623.999, 227.999):(28, -10)
(637.0, 240.0):(29, -9)
(650.0, 253.0):(30, -8)
(662.22, 266.0):(31, -7)
(675.024, 279.0):(32, -6)
(688.0, 291.032):(33, -5)
(701.0, 304.0):(34, -4)
(713.333, 316.999):(35, -3)
(713.916, 393.084):(35, 3)
(701.0, 406.0):(34, 4)
(688.0, 419.0):(33, 5)
(675.669, 432.0):(32, 6)
(662.22, 445.0):(31, 7)
(650.0, 458.0):(30, 8)
(637.0, 471.0):(29, 9)
(624.0, 483.334):(28, 10)
(611.22, 496.0):(27, 11)
(598.0, 509.0):(26, 12)
(586.0, 522.0):(25, 13)
(573.0, 534.78):(24, 14)
(419.024, 10.0):(12, -27)
(112.973, 10.0):(-12, -27)
(432.0, 23.0):(13, -26)
(100.0, 23.0):(-13, -26)
(445.0, 36.0):(14, -25)
(87.0, 36.0):(-14, -25)
(458.0, 49.0):(15, -24)
(74.374, 48.999):(-15, -24)
(470.512, 61.046):(16, -23)
(62.001, 61.429):(-16, -23)
(483.0, 74.024):(17, -22)
(49.0, 74.0):(-17, -22)
(496.0, 87.0):(18, -21)
(36.0, 87.0):(-18, -21)
(508.999, 100.0):(19, -20)
(23.027, 100.0):(-19, -20)
(522.0, 113.0):(20, -19)
(10.499, 112.249):(-20, -19)
(534.555, 125.665):(21, -18)
(547.024, 138.0):(22, -17)
(560.0, 151.0):(23, -16)
(572.999, 164.0):(24, -15)
(586.0, 177.0):(25, -14)
(599.0, 189.0):(26, -13)
(611.024, 202.0):(27, -12)
(624.0, 215.0):(28, -11)
(636.999, 228.0):(29, -10)
(649.999, 239.999):(30, -9)
(662.667, 253.0):(31, -8)
(674.999, 266.0):(32, -7)
(688.0, 279.0):(33, -6)
(701.0, 291.0):(34, -5)
(713.752, 304.001):(35, -4)
(713.024, 406.0):(35, 4)
(700.973, 419.0):(34, 5)
(687.999, 431.999):(33, 6)
(675.024, 445.0):(32, 7)
(662.024, 458.0):(31, 8)
(649.255, 470.722):(30, 9)
(637.0, 483.0):(29, 10)
(623.999, 495.999):(28, 11)
(611.22, 509.0):(27, 12)
(598.22, 522.0):(26, 13)
(586.0, 534.331):(25, 14)
(431.999, 9.999):(13, -27)
(100.0, 10.0):(-13, -27)
(445.0, 23.0):(14, -26)
(87.0, 23.0):(-14, -26)
(457.999, 35.999):(15, -25)
(74.22, 36.0):(-15, -25)
(470.333, 48.998):(16, -24)
(62.0, 49.0):(-16, -24)
(483.048, 61.256):(17, -23)
(49.0, 61.024):(-17, -23)
(496.0, 74.024):(18, -22)
(36.0, 74.0):(-18, -22)
(509.0, 87.0):(19, -21)
(521.999, 99.999):(20, -20)
(10.248, 100.0):(-20, -20)
(535.0, 113.0):(21, -19)
(547.024, 125.024):(22, -18)
(560.024, 138.0):(23, -17)
(573.0, 151.0):(24, -16)
(585.999, 163.999):(25, -15)
(599.001, 176.332):(26, -14)
(611.0, 189.0):(27, -13)
(624.0, 201.999):(28, -12)
(637.0, 215.0):(29, -11)
(649.999, 227.999):(30, -10)
(661.999, 239.999):(31, -9)
(675.024, 253.0):(32, -8)
(687.999, 265.999):(33, -7)
(701.0, 278.22):(34, -6)
(713.22, 291.0):(35, -5)
(713.22, 419.0):(35, 5)
(701.0, 432.0):(34, 6)
(688.0, 444.999):(33, 7)
(675.0, 457.976):(32, 8)
(662.072, 470.072):(31, 9)
(649.22, 483.0):(30, 10)
(636.999, 496.0):(29, 11)
(624.0, 508.999):(28, 12)
(611.024, 522.0):(27, 13)
(598.073, 534.903):(26, 14)
(445.0, 10.0):(14, -27)
(458.0, 23.0):(15, -26)
(74.445, 23.0):(-15, -26)
(470.22, 36.0):(16, -25)
(61.779, 36.0):(-16, -25)
(483.024, 49.0):(17, -24)
(49.0, 49.0):(-17, -24)
(496.0, 61.445):(18, -23)
(36.0, 61.0):(-18, -23)
(509.0, 74.0):(19, -22)
(23.027, 74.0):(-19, -22)
(522.0, 87.0):(20, -21)
(534.78, 100.0):(21, -20)
(10.751, 87.0):(-20, -21)
(547.0, 113.0):(22, -19)
(560.024, 125.024):(23, -18)
(573.0, 138.0):(24, -17)
(586.0, 151.0):(25, -16)
(598.667, 163.999):(26, -15)
(611.0, 176.0):(27, -14)
(624.0, 188.999):(28, -13)
(637.0, 202.0):(29, -12)
(650.0, 215.0):(30, -11)
(662.047, 227.278):(31, -10)
(675.024, 240.0):(32, -9)
(688.0, 252.999):(33, -8)
(701.0, 266.0):(34, -7)
(713.097, 278.073):(35, -6)
(700.22, 445.0):(34, 7)
(688.0, 457.024):(33, 8)
(674.999, 470.0):(32, 9)
(662.024, 483.0):(31, 10)
(649.22, 496.0):(30, 11)
(637.0, 509.0):(29, 12)
(624.0, 521.445):(28, 13)
(610.999, 534.0):(27, 14)
(458.0, 10.0):(15, -27)
(470.024, 23.0):(16, -26)
(74.5, 10.0):(-15, -27)
(62.0, 23.0):(-16, -26)
(483.22, 36.0):(17, -25)
(49.0, 36.0):(-17, -25)
(496.0, 48.999):(18, -24)
(36.0, 48.976):(-18, -24)
(509.001, 61.332):(19, -23)
(23.027, 61.0):(-19, -23)
(522.0, 74.024):(20, -22)
(10.374, 73.999):(-20, -22)
(534.332, 86.999):(21, -21)
(547.024, 100.0):(22, -20)
(560.0, 112.999):(23, -19)
(573.0, 125.024):(24, -18)
(586.0, 138.0):(25, -17)
(599.0, 151.0):(26, -16)
(611.024, 164.0):(27, -15)
(623.999, 175.999):(28, -14)
(637.0, 189.0):(29, -13)
(650.0, 202.0):(30, -12)
(662.0, 215.0):(31, -11)
(675.024, 227.024):(32, -10)
(687.999, 239.999):(33, -9)
(701.0, 253.0):(34, -8)
(713.973, 266.0):(35, -7)
(713.129, 444.129):(35, 7)
(700.973, 457.0):(34, 8)
(687.999, 469.999):(33, 9)
(675.0, 483.0):(32, 10)
(662.024, 496.0):(31, 11)
(649.024, 509.0):(30, 12)
(637.0, 521.22):(29, 13)
(624.0, 534.0):(28, 14)
(470.024, 10.0):(16, -27)
(483.0, 23.0):(17, -26)
(62.0, 10.0):(-16, -27)
(49.0, 23.0):(-17, -26)
(495.999, 35.999):(18, -25)
(36.031, 35.999):(-18, -25)
(509.0, 49.0):(19, -24)
(23.376, 49.0):(-19, -24)
(522.0, 61.024):(20, -23)
(10.973, 61.0):(-20, -23)
(534.22, 74.0):(21, -22)
(547.0, 87.0):(22, -21)
(559.999, 99.999):(23, -20)
(572.999, 112.669):(24, -19)
(586.0, 124.999):(25, -18)
(598.999, 138.0):(26, -17)
(611.024, 151.0):(27, -16)
(623.999, 163.999):(28, -15)
(636.999, 176.0):(29, -14)
(650.0, 189.0):(30, -13)
(662.024, 202.0):(31, -12)
(675.0, 215.0):(32, -11)
(688.0, 227.024):(33, -10)
(700.999, 240.0):(34, -9)
(713.973, 253.0):(35, -8)
(713.024, 457.0):(35, 8)
(700.22, 470.0):(34, 9)
(688.0, 483.0):(33, 10)
(675.0, 496.0):(32, 11)
(662.0, 509.0):(31, 12)
(649.097, 521.073):(30, 13)
(636.976, 534.0):(29, 14)
(482.999, 10.0):(17, -27)
(496.0, 23.0):(18, -26)
(49.0, 10.0):(-17, -27)
(36.027, 23.0):(-18, -26)
(508.999, 36.0):(19, -25)
(23.968, 35.999):(-19, -25)
(522.0, 49.0):(20, -24)
(11.0, 49.0):(-20, -24)
(534.024, 61.0):(21, -23)
(547.0, 74.0):(22, -22)
(560.024, 87.0):(23, -21)
(572.999, 100.0):(24, -20)
(586.0, 112.024):(25, -19)
(598.22, 125.0):(26, -18)
(611.0, 138.0):(27, -17)
(624.0, 151.0):(28, -16)
(637.0, 163.976):(29, -15)
(649.999, 175.999):(30, -14)
(662.555, 189.0):(31, -13)
(675.024, 202.0):(32, -12)
(688.0, 215.0):(33, -11)
(701.0, 227.0):(34, -10)
(713.22, 240.0):(35, -9)
(713.0, 470.0):(35, 9)
(700.024, 483.0):(34, 10)
(687.976, 496.0):(33, 11)
(674.999, 508.249):(32, 12)
(662.0, 520.999):(31, 13)
(649.024, 534.0):(30, 14)
(495.999, 9.999):(18, -27)
(509.0, 23.0):(19, -26)
(36.027, 10.0):(-18, -27)
(23.5, 23.0):(-19, -26)
(521.976, 36.0):(20, -25)
(11.0, 36.0):(-20, -25)
(534.046, 48.512):(21, -24)
(547.0, 61.0):(22, -23)
(559.999, 73.999):(23, -22)
(573.0, 87.0):(24, -21)
(585.999, 99.999):(25, -20)
(598.554, 112.222):(26, -19)
(611.0, 125.0):(27, -18)
(623.999, 137.999):(28, -17)
(637.0, 151.0):(29, -16)
(649.927, 163.073):(30, -15)
(662.027, 176.0):(31, -14)
(675.024, 189.0):(32, -13)
(687.999, 201.999):(33, -12)
(701.0, 214.22):(34, -11)
(713.024, 227.0):(35, -10)
(713.0, 483.0):(35, 10)
(700.073, 495.097):(34, 11)
(687.5, 508.0):(33, 12)
(675.0, 521.0):(32, 13)
(662.027, 534.0):(31, 14)
(509.0, 10.0):(19, -27)
(522.0, 23.0):(20, -26)
(24.0, 10.0):(-19, -27)
(10.751, 23.001):(-20, -26)
(534.22, 36.0):(21, -25)
(547.0, 48.78):(22, -24)
(560.0, 61.0):(23, -23)
(573.0, 74.0):(24, -22)
(586.0, 87.0):(25, -21)
(598.22, 100.0):(26, -20)
(611.0, 112.0):(27, -19)
(624.0, 124.999):(28, -18)
(637.0, 138.0):(29, -17)
(649.22, 151.0):(30, -16)
(662.024, 163.024):(31, -15)
(675.0, 176.0):(32, -14)
(688.0, 188.999):(33, -13)
(700.668, 202.0):(34, -12)
(713.024, 214.0):(35, -11)
(713.0, 495.024):(35, 11)
(700.024, 508.0):(34, 12)
(687.22, 521.0):(33, 13)
(674.999, 534.0):(32, 14)
(521.976, 10.0):(20, -27)
(534.024, 23.0):(21, -26)
(10.973, 10.0):(-20, -27)
(547.0, 36.0):(22, -25)
(560.0, 48.779):(23, -24)
(573.0, 61.0):(24, -23)
(586.0, 74.0):(25, -22)
(598.024, 87.0):(26, -21)
(611.0, 100.0):(27, -20)
(624.0, 112.024):(28, -19)
(637.0, 125.0):(29, -18)
(649.445, 138.0):(30, -17)
(662.332, 151.0):(31, -16)
(675.0, 163.024):(32, -15)
(687.999, 175.999):(33, -14)
(700.555, 189.0):(34, -13)
(713.332, 202.0):(35, -12)
(713.0, 508.0):(35, 12)
(700.0, 520.999):(34, 13)
(687.027, 534.0):(33, 14)
(534.024, 10.0):(21, -27)
(547.024, 23.0):(22, -26)
(559.999, 35.999):(23, -25)
(573.0, 48.445):(24, -24)
(585.445, 61.0):(25, -23)
(598.22, 74.0):(26, -22)
(611.0, 87.0):(27, -21)
(624.0, 99.976):(28, -20)
(636.999, 112.0):(29, -19)
(649.024, 125.0):(30, -18)
(662.0, 138.0):(31, -17)
(675.027, 151.0):(32, -16)
(688.0, 163.024):(33, -15)
(700.024, 176.0):(34, -14)
(713.024, 189.0):(35, -13)
(713.0, 521.0):(35, 13)
(700.0, 534.0):(34, 14)
(546.999, 10.0):(22, -27)
(560.0, 23.0):(23, -26)
(572.999, 36.0):(24, -25)
(585.745, 48.046):(25, -24)
(598.024, 61.0):(26, -23)
(611.024, 74.0):(27, -22)
(624.0, 87.0):(28, -21)
(637.0, 99.445):(29, -20)
(649.024, 112.0):(30, -19)
(662.024, 125.0):(31, -18)
(674.999, 138.0):(32, -17)
(688.0, 151.0):(33, -16)
(700.024, 163.0):(34, -15)
(713.024, 176.0):(35, -14)
(713.0, 533.0):(35, 14)
(559.999, 9.999):(23, -27)
(573.0, 23.0):(24, -26)
(585.024, 36.0):(25, -25)
(598.024, 48.024):(26, -24)
(611.0, 61.0):(27, -23)
(623.999, 73.999):(28, -22)
(636.976, 87.0):(29, -21)
(649.073, 99.097):(30, -20)
(662.024, 112.0):(31, -19)
(675.0, 125.0):(32, -18)
(687.999, 137.999):(33, -17)
(700.973, 151.0):(34, -16)
(713.024, 163.0):(35, -15)
(572.668, 10.0):(24, -27)
(585.22, 23.0):(25, -26)
(598.084, 35.916):(26, -25)
(611.0, 48.0):(27, -24)
(624.0, 60.999):(28, -23)
(636.667, 74.001):(29, -22)
(649.024, 87.0):(30, -21)
(662.0, 99.024):(31, -20)
(675.0, 112.0):(32, -19)
(688.0, 124.999):(33, -18)
(700.024, 138.0):(34, -17)
(712.999, 150.249):(35, -16)
(585.024, 10.0):(25, -27)
(598.024, 23.0):(26, -26)
(611.0, 35.976):(27, -25)
(624.0, 48.024):(28, -24)
(636.024, 61.0):(29, -23)
(649.024, 74.0):(30, -22)
(662.032, 86.999):(31, -21)
(675.0, 99.024):(32, -20)
(687.445, 112.0):(33, -19)
(700.22, 125.0):(34, -18)
(713.0, 138.0):(35, -17)
(598.0, 10.0):(26, -27)
(611.0, 23.0):(27, -26)
(623.999, 35.334):(28, -25)
(636.024, 48.0):(29, -24)
(649.0, 61.0):(30, -23)
(662.0, 74.0):(31, -22)
(675.0, 87.0):(32, -21)
(687.395, 99.047):(33, -20)
(700.751, 112.0):(34, -19)
(713.0, 125.0):(35, -18)
(610.999, 10.0):(27, -27)
(623.976, 23.0):(28, -26)
(636.073, 35.097):(29, -25)
(648.999, 48.0):(30, -24)
(662.0, 61.0):(31, -23)
(674.999, 74.0):(32, -22)
(687.22, 87.0):(33, -21)
(700.027, 99.0):(34, -20)
(713.0, 112.0):(35, -19)
(623.22, 10.0):(28, -27)
(636.024, 23.0):(29, -26)
(649.331, 35.94):(30, -25)
(661.999, 47.999):(31, -24)
(674.78, 61.0):(32, -23)
(687.22, 74.0):(33, -22)
(700.046, 86.512):(34, -21)
(713.0, 99.024):(35, -20)
(636.22, 10.0):(29, -27)
(649.0, 23.0):(30, -26)
(662.0, 35.22):(31, -25)
(674.331, 48.0):(32, -24)
(687.024, 61.0):(33, -23)
(699.999, 73.999):(34, -22)
(712.998, 86.333):(35, -21)
(649.0, 10.0):(30, -27)
(662.0, 23.0):(31, -26)
(674.629, 35.606):(32, -25)
(687.027, 48.0):(33, -24)
(700.0, 60.999):(34, -23)
(713.0, 74.0):(35, -22)
(661.976, 10.0):(31, -27)
(674.22, 23.0):(32, -26)
(687.0, 35.5):(33, -25)
(700.0, 48.0):(34, -24)
(713.0, 61.0):(35, -23)
(674.22, 10.0):(32, -27)
(687.0, 23.0):(33, -26)
(700.0, 35.78):(34, -25)
(712.248, 48.0):(35, -24)
(687.0, 10.0):(33, -27)
(699.976, 23.0):(34, -26)
(712.22, 35.22):(35, -25)
(699.332, 10.0):(34, -27)
(712.027, 10.0):(35, -27)
(23.027, 87.0):(-19, -21)
(87.0, 330.0):(-14, -2)
(368.0, 267.0):(8, -7)
